0 0.32656 0.73438 0.01562 0.01953
0 0.35156 0.71094 0.01562 0.01953
0 0.38750 0.72852 0.01562 0.01953
0 0.62500 0.85352 0.01562 0.01953
0 0.74687 0.78906 0.01562 0.01953
0 0.80000 0.82422 0.01562 0.01953
0 0.94531 0.76953 0.01562 0.01953
0 0.84688 0.67383 0.01562 0.01953
0 0.56875 0.62695 0.01562 0.01953
0 0.64687 0.53125 0.01562 0.01953
0 0.62344 0.52734 0.01562 0.01953
0 0.62500 0.50195 0.01562 0.01953
0 0.66250 0.32422 0.01562 0.01953
0 0.95937 0.06836 0.01562 0.01953
0 0.74531 0.17383 0.01562 0.01953
0 0.64062 0.08398 0.01562 0.01953
