0 0.26562 0.02148 0.01562 0.01953
0 0.36094 0.05273 0.01562 0.01953
0 0.32500 0.11914 0.01562 0.01953
0 0.12812 0.27930 0.01562 0.01953
0 0.42188 0.38867 0.01562 0.01953
0 0.45156 0.33984 0.01562 0.01953
0 0.58125 0.29492 0.01562 0.01953
0 0.13906 0.89258 0.01562 0.01953
0 0.74219 0.04492 0.01562 0.01953
0 0.88594 0.06641 0.01562 0.01953
0 0.92500 0.09180 0.01562 0.01953
0 0.90469 0.39258 0.01562 0.01953
0 0.89844 0.44336 0.01562 0.01953
0 0.88438 0.48828 0.01562 0.01953
0 0.82969 0.52344 0.01562 0.01953
0 0.90938 0.54297 0.01562 0.01953
0 0.86250 0.59375 0.01562 0.01953
0 0.84219 0.65820 0.01562 0.01953
0 0.81094 0.63867 0.01562 0.01953
0 0.82344 0.69727 0.01562 0.01953
0 0.81406 0.73242 0.01562 0.01953
0 0.81250 0.77148 0.01562 0.01953
0 0.80312 0.84570 0.01562 0.01953
