0 0.32656 0.74023 0.01562 0.01953
0 0.34844 0.71875 0.01562 0.01953
0 0.39219 0.73438 0.01562 0.01953
0 0.62500 0.85352 0.01562 0.01953
0 0.74844 0.78320 0.01562 0.01953
0 0.79844 0.82812 0.01562 0.01953
0 0.94375 0.77344 0.01562 0.01953
0 0.57969 0.65820 0.01562 0.01953
0 0.63906 0.51172 0.01562 0.01953
0 0.62656 0.53516 0.01562 0.01953
0 0.64219 0.55859 0.01562 0.01953
0 0.68125 0.33203 0.01562 0.01953
0 0.75469 0.24219 0.01562 0.01953
0 0.96094 0.07031 0.01562 0.01953
0 0.64219 0.09180 0.01562 0.01953
0 0.85156 0.75977 0.01562 0.01953
