0 0.98750 0.17188 0.01562 0.01953
0 0.98906 0.21875 0.01562 0.01953
0 0.97188 0.25977 0.01562 0.01953
0 0.97344 0.30078 0.01562 0.01953
0 0.95156 0.36133 0.01562 0.01953
0 0.91094 0.06250 0.01562 0.01953
0 0.92969 0.09180 0.01562 0.01953
0 0.92969 0.11914 0.01562 0.01953
0 0.84844 0.12500 0.01562 0.01953
0 0.89219 0.26758 0.01562 0.01953
0 0.88750 0.38867 0.01562 0.01953
0 0.88281 0.45312 0.01562 0.01953
0 0.87969 0.57031 0.01562 0.01953
0 0.87813 0.60547 0.01562 0.01953
0 0.87344 0.64453 0.01562 0.01953
0 0.72188 0.30078 0.01562 0.01953
0 0.62969 0.15820 0.01562 0.01953
0 0.41406 0.07227 0.01562 0.01953
0 0.34219 0.26367 0.01562 0.01953
0 0.18125 0.74805 0.01562 0.01953
0 0.38281 0.60938 0.01562 0.01953
0 0.47344 0.67188 0.01562 0.01953
0 0.44375 0.71289 0.01562 0.01953
0 0.45469 0.94922 0.01562 0.01953
0 0.49219 0.93359 0.01562 0.01953
0 0.46875 0.97656 0.01562 0.01953
0 0.44219 0.97461 0.01562 0.01953
0 0.97813 0.80078 0.01562 0.01953
0 0.05312 0.47266 0.01562 0.01953
0 0.95156 0.72070 0.01562 0.01953
