0 0.39219 0.43359 0.01562 0.01953
0 0.35469 0.41797 0.01562 0.01953
0 0.50938 0.41016 0.01562 0.01953
0 0.55156 0.40234 0.01562 0.01953
0 0.47187 0.39258 0.01562 0.01953
0 0.51094 0.33984 0.01562 0.01953
0 0.61094 0.33594 0.01562 0.01953
0 0.67188 0.32031 0.01562 0.01953
0 0.87500 0.38672 0.01562 0.01953
0 0.89531 0.45312 0.01562 0.01953
0 0.84219 0.44531 0.01562 0.01953
0 0.82500 0.55078 0.01562 0.01953
0 0.77187 0.54297 0.01562 0.01953
0 0.76094 0.50586 0.01562 0.01953
0 0.90625 0.52148 0.01562 0.01953
0 0.92969 0.43555 0.01562 0.01953
0 0.93281 0.39648 0.01562 0.01953
0 0.86562 0.24805 0.01562 0.01953
0 0.24375 0.02539 0.01562 0.01953
0 0.27500 0.02539 0.01562 0.01953
0 0.30469 0.04102 0.01562 0.01953
0 0.33906 0.04688 0.01562 0.01953
0 0.37188 0.06641 0.01562 0.01953
0 0.39844 0.05469 0.01562 0.01953
0 0.18125 0.03125 0.01562 0.01953
0 0.20000 0.05664 0.01562 0.01953
0 0.13437 0.05273 0.01562 0.01953
0 0.14531 0.02344 0.01562 0.01953
0 0.16562 0.06641 0.01562 0.01953
0 0.09062 0.03125 0.01562 0.01953
0 0.10000 0.06250 0.01562 0.01953
0 0.12344 0.08203 0.01562 0.01953
0 0.05312 0.01758 0.01562 0.01953
0 0.05781 0.05078 0.01562 0.01953
0 0.01250 0.06250 0.01562 0.01953
0 0.05937 0.07422 0.01562 0.01953
0 0.07969 0.08203 0.01562 0.01953
0 0.04375 0.10938 0.01562 0.01953
0 0.02500 0.12695 0.01562 0.01953
0 0.03125 0.15625 0.01562 0.01953
0 0.06250 0.16602 0.01562 0.01953
0 0.03281 0.20117 0.01562 0.01953
0 0.09062 0.16016 0.01562 0.01953
0 0.09531 0.25586 0.01562 0.01953
0 0.09062 0.12305 0.01562 0.01953
0 0.10469 0.10547 0.01562 0.01953
0 0.13906 0.13086 0.01562 0.01953
0 0.12344 0.16016 0.01562 0.01953
0 0.17500 0.16797 0.01562 0.01953
0 0.14844 0.19531 0.01562 0.01953
0 0.16250 0.23438 0.01562 0.01953
0 0.14375 0.27734 0.01562 0.01953
0 0.19375 0.20508 0.01562 0.01953
0 0.23594 0.23828 0.01562 0.01953
0 0.15937 0.12500 0.01562 0.01953
0 0.14844 0.08984 0.01562 0.01953
0 0.18281 0.09766 0.01562 0.01953
0 0.20938 0.10156 0.01562 0.01953
0 0.23281 0.08203 0.01562 0.01953
0 0.18906 0.13281 0.01562 0.01953
0 0.21406 0.16406 0.01562 0.01953
0 0.29375 0.21289 0.01562 0.01953
0 0.28281 0.17383 0.01562 0.01953
0 0.26094 0.14648 0.01562 0.01953
0 0.25781 0.10742 0.01562 0.01953
0 0.27656 0.11328 0.01562 0.01953
0 0.27031 0.06641 0.01562 0.01953
0 0.29531 0.06641 0.01562 0.01953
0 0.29844 0.10547 0.01562 0.01953
0 0.31719 0.17578 0.01562 0.01953
0 0.30000 0.15039 0.01562 0.01953
0 0.33906 0.14844 0.01562 0.01953
0 0.34219 0.18945 0.01562 0.01953
0 0.37188 0.22461 0.01562 0.01953
0 0.33125 0.28125 0.01562 0.01953
0 0.30625 0.31055 0.01562 0.01953
0 0.38750 0.30273 0.01562 0.01953
0 0.44688 0.30859 0.01562 0.01953
0 0.47344 0.29297 0.01562 0.01953
0 0.40937 0.26758 0.01562 0.01953
0 0.50313 0.24219 0.01562 0.01953
0 0.52344 0.27539 0.01562 0.01953
0 0.42812 0.21875 0.01562 0.01953
0 0.39531 0.19727 0.01562 0.01953
0 0.37969 0.16016 0.01562 0.01953
0 0.36875 0.13086 0.01562 0.01953
0 0.39375 0.11523 0.01562 0.01953
0 0.42500 0.08789 0.01562 0.01953
0 0.40156 0.14844 0.01562 0.01953
0 0.42500 0.13281 0.01562 0.01953
0 0.41875 0.17969 0.01562 0.01953
0 0.44219 0.16016 0.01562 0.01953
0 0.44688 0.20117 0.01562 0.01953
0 0.43594 0.06055 0.01562 0.01953
0 0.49531 0.08008 0.01562 0.01953
0 0.47813 0.11133 0.01562 0.01953
0 0.46406 0.12695 0.01562 0.01953
0 0.46875 0.15430 0.01562 0.01953
0 0.48750 0.14453 0.01562 0.01953
0 0.52187 0.14453 0.01562 0.01953
0 0.52031 0.10547 0.01562 0.01953
0 0.53594 0.08203 0.01562 0.01953
0 0.51094 0.17383 0.01562 0.01953
0 0.48281 0.19922 0.01562 0.01953
0 0.52344 0.20117 0.01562 0.01953
0 0.55625 0.20312 0.01562 0.01953
0 0.56406 0.24805 0.01562 0.01953
0 0.54531 0.17383 0.01562 0.01953
0 0.56719 0.15430 0.01562 0.01953
0 0.23594 0.17969 0.01562 0.01953
0 0.25625 0.21289 0.01562 0.01953
0 0.11875 0.22070 0.01562 0.01953
0 0.34687 0.11523 0.01562 0.01953
0 0.56563 0.09180 0.01562 0.01953
0 0.57344 0.12695 0.01562 0.01953
0 0.58281 0.10352 0.01562 0.01953
0 0.59219 0.08203 0.01562 0.01953
0 0.60000 0.05664 0.01562 0.01953
0 0.59688 0.16406 0.01562 0.01953
0 0.62500 0.18164 0.01562 0.01953
0 0.65625 0.20117 0.01562 0.01953
0 0.63594 0.29883 0.01562 0.01953
0 0.72266 0.23535 0.00156 0.00195
0 0.70469 0.28711 0.01562 0.01953
0 0.70625 0.15820 0.01562 0.01953
0 0.66719 0.15039 0.01562 0.01953
0 0.63594 0.14844 0.01562 0.01953
0 0.67344 0.11328 0.01562 0.01953
0 0.64844 0.11719 0.01562 0.01953
0 0.64687 0.08594 0.01562 0.01953
0 0.62031 0.09180 0.01562 0.01953
0 0.69844 0.10742 0.01562 0.01953
0 0.73438 0.10547 0.01562 0.01953
0 0.71094 0.07031 0.01562 0.01953
0 0.67812 0.07812 0.01562 0.01953
0 0.66719 0.05273 0.01562 0.01953
0 0.68437 0.03906 0.01562 0.01953
0 0.71719 0.03906 0.01562 0.01953
0 0.64531 0.05859 0.01562 0.01953
0 0.79531 0.10742 0.01562 0.01953
0 0.80937 0.05859 0.01562 0.01953
0 0.79063 0.26367 0.01562 0.01953
0 0.63750 0.47070 0.01562 0.01953
0 0.89062 0.03320 0.01562 0.01953
0 0.93281 0.07617 0.01562 0.01953
0 0.21406 0.00977 0.01562 0.01953
0 0.53438 0.49805 0.01562 0.01953
0 0.04375 0.52344 0.01562 0.01953
0 0.06094 0.48242 0.01562 0.01953
