0 0.71562 0.03125 0.01562 0.01953
0 0.68906 0.01172 0.01562 0.01953
0 0.68906 0.04297 0.01562 0.01953
0 0.65625 0.02539 0.01562 0.01953
0 0.67188 0.05078 0.01562 0.01953
0 0.81875 0.04883 0.01562 0.01953
0 0.80156 0.09961 0.01562 0.01953
0 0.93750 0.07812 0.01562 0.01953
0 0.89531 0.02539 0.01562 0.01953
0 0.73438 0.22852 0.01562 0.01953
0 0.71562 0.06250 0.01562 0.01953
0 0.63594 0.04492 0.01562 0.01953
0 0.65625 0.07422 0.01562 0.01953
0 0.65156 0.05273 0.01562 0.01953
0 0.67812 0.07422 0.01562 0.01953
0 0.59688 0.03125 0.01562 0.01953
0 0.60781 0.06055 0.01562 0.01953
0 0.60313 0.08203 0.01562 0.01953
0 0.63125 0.08594 0.01562 0.01953
0 0.53906 0.04102 0.01562 0.01953
0 0.57500 0.05859 0.01562 0.01953
0 0.53906 0.08398 0.01562 0.01953
0 0.57188 0.09180 0.01562 0.01953
0 0.58750 0.09961 0.01562 0.01953
0 0.57656 0.12305 0.01562 0.01953
0 0.55469 0.11914 0.01562 0.01953
0 0.50469 0.08008 0.01562 0.01953
0 0.51250 0.01758 0.01562 0.01953
0 0.47500 0.05859 0.01562 0.01953
0 0.44531 0.05469 0.01562 0.01953
0 0.40937 0.05664 0.01562 0.01953
0 0.37500 0.04492 0.01562 0.01953
0 0.34844 0.03516 0.01562 0.01953
0 0.31250 0.03906 0.01562 0.01953
0 0.27969 0.02344 0.01562 0.01953
0 0.25469 0.03125 0.01562 0.01953
0 0.20781 0.05078 0.01562 0.01953
0 0.18594 0.03516 0.01562 0.01953
0 0.14531 0.01758 0.01562 0.01953
0 0.17031 0.06250 0.01562 0.01953
0 0.13437 0.04688 0.01562 0.01953
0 0.10938 0.04297 0.01562 0.01953
0 0.12500 0.07422 0.01562 0.01953
0 0.15000 0.08203 0.01562 0.01953
0 0.08750 0.00586 0.01562 0.01953
0 0.05156 0.01758 0.01562 0.01953
0 0.06094 0.05078 0.01562 0.01953
0 0.01875 0.03906 0.01562 0.01953
0 0.02969 0.06641 0.01562 0.01953
0 0.06094 0.07031 0.01562 0.01953
0 0.08594 0.06641 0.01562 0.01953
0 0.24219 0.07422 0.01562 0.01953
0 0.27969 0.06445 0.01562 0.01953
0 0.30625 0.06836 0.01562 0.01953
0 0.33906 0.08008 0.01562 0.01953
0 0.37344 0.06836 0.01562 0.01953
0 0.42031 0.09180 0.01562 0.01953
0 0.44688 0.09570 0.01562 0.01953
0 0.48438 0.10547 0.01562 0.01953
0 0.46250 0.12305 0.01562 0.01953
0 0.52812 0.11328 0.01562 0.01953
0 0.52656 0.14062 0.01562 0.01953
0 0.49688 0.13672 0.01562 0.01953
0 0.61406 0.12305 0.01562 0.01953
0 0.65156 0.10938 0.01562 0.01953
0 0.67500 0.10742 0.01562 0.01953
0 0.73594 0.10547 0.01562 0.01953
0 0.70469 0.09570 0.01562 0.01953
0 0.70781 0.15039 0.01562 0.01953
0 0.67344 0.14062 0.01562 0.01953
0 0.64531 0.15234 0.01562 0.01953
0 0.62969 0.18750 0.01562 0.01953
0 0.66406 0.20117 0.01562 0.01953
0 0.60313 0.16016 0.01562 0.01953
0 0.57812 0.15234 0.01562 0.01953
0 0.52187 0.16602 0.01562 0.01953
0 0.55312 0.17578 0.01562 0.01953
0 0.56563 0.20703 0.01562 0.01953
0 0.52812 0.20117 0.01562 0.01953
0 0.48594 0.19727 0.01562 0.01953
0 0.47344 0.15430 0.01562 0.01953
0 0.44531 0.16016 0.01562 0.01953
0 0.42656 0.13281 0.01562 0.01953
0 0.39375 0.10938 0.01562 0.01953
0 0.40781 0.14648 0.01562 0.01953
0 0.42031 0.17578 0.01562 0.01953
0 0.45625 0.20117 0.01562 0.01953
0 0.43750 0.22070 0.01562 0.01953
0 0.38750 0.15820 0.01562 0.01953
0 0.37188 0.13867 0.01562 0.01953
0 0.35469 0.10938 0.01562 0.01953
0 0.33281 0.10352 0.01562 0.01953
0 0.30156 0.09766 0.01562 0.01953
0 0.28281 0.11719 0.01562 0.01953
0 0.26406 0.11523 0.01562 0.01953
0 0.30781 0.15039 0.01562 0.01953
0 0.33906 0.14258 0.01562 0.01953
0 0.32500 0.18555 0.01562 0.01953
0 0.35000 0.18945 0.01562 0.01953
0 0.37500 0.22852 0.01562 0.01953
0 0.41719 0.26172 0.01562 0.01953
0 0.29063 0.17383 0.01562 0.01953
0 0.21719 0.09180 0.01562 0.01953
0 0.23750 0.12695 0.01562 0.01953
0 0.16250 0.12109 0.01562 0.01953
0 0.19219 0.13086 0.01562 0.01953
0 0.29219 0.20898 0.01562 0.01953
0 0.24219 0.17969 0.01562 0.01953
0 0.22187 0.16797 0.01562 0.01953
0 0.10781 0.09961 0.01562 0.01953
0 0.08750 0.10938 0.01562 0.01953
0 0.14062 0.13086 0.01562 0.01953
0 0.17344 0.16797 0.01562 0.01953
0 0.05312 0.10938 0.01562 0.01953
0 0.02969 0.12109 0.01562 0.01953
0 0.12812 0.16016 0.01562 0.01953
0 0.09844 0.15820 0.01562 0.01953
0 0.07187 0.16406 0.01562 0.01953
0 0.03750 0.15820 0.01562 0.01953
0 0.04375 0.20117 0.01562 0.01953
0 0.15469 0.18750 0.01562 0.01953
0 0.16562 0.22656 0.01562 0.01953
0 0.20156 0.20312 0.01562 0.01953
0 0.21406 0.22656 0.01562 0.01953
0 0.34375 0.27539 0.01562 0.01953
0 0.30469 0.30078 0.01562 0.01953
0 0.39375 0.30273 0.01562 0.01953
0 0.45312 0.30859 0.01562 0.01953
0 0.47969 0.29297 0.01562 0.01953
0 0.50625 0.24609 0.01562 0.01953
0 0.57031 0.24609 0.01562 0.01953
0 0.53281 0.27539 0.01562 0.01953
0 0.51406 0.34180 0.01562 0.01953
0 0.51562 0.40820 0.01562 0.01953
0 0.40313 0.43359 0.01562 0.01953
0 0.64062 0.30078 0.01562 0.01953
0 0.71094 0.28320 0.01562 0.01953
0 0.91406 0.35547 0.01562 0.01953
0 0.87344 0.38281 0.01562 0.01953
0 0.92656 0.39453 0.01562 0.01953
0 0.93437 0.44141 0.01562 0.01953
0 0.91406 0.52148 0.01562 0.01953
0 0.94219 0.49805 0.01562 0.01953
0 0.90469 0.45898 0.01562 0.01953
0 0.97031 0.50781 0.01562 0.01953
0 0.85000 0.45312 0.01562 0.01953
0 0.67812 0.31250 0.01562 0.01953
0 0.61250 0.33594 0.01562 0.01953
0 0.55937 0.40820 0.01562 0.01953
0 0.14531 0.28125 0.01562 0.01953
0 0.09062 0.25586 0.01562 0.01953
0 0.98594 0.42383 0.01562 0.01953
0 0.89062 0.49609 0.01562 0.01953
0 0.82500 0.55078 0.01562 0.01953
0 0.76406 0.50391 0.01562 0.01953
0 0.78750 0.53906 0.01562 0.01953
0 0.04219 0.51758 0.01562 0.01953
0 0.06094 0.48047 0.01562 0.01953
0 0.04219 0.43359 0.01562 0.01953
0 0.80937 0.26172 0.01562 0.01953
0 0.47813 0.39648 0.01562 0.01953
0 0.86719 0.25391 0.01562 0.01953
0 0.22031 0.00586 0.01562 0.01953
0 0.64375 0.47070 0.01562 0.01953
0 0.53906 0.49414 0.01562 0.01953
