0 0.32500 0.74805 0.01562 0.01953
0 0.34844 0.71875 0.01562 0.01953
0 0.39375 0.73633 0.01562 0.01953
0 0.59531 0.68750 0.01562 0.01953
0 0.61719 0.85156 0.01562 0.01953
0 0.74687 0.77539 0.01562 0.01953
0 0.79531 0.83008 0.01562 0.01953
0 0.94219 0.77344 0.01562 0.01953
0 0.60469 0.58789 0.01562 0.01953
0 0.62031 0.54102 0.01562 0.01953
0 0.64844 0.54297 0.01562 0.01953
0 0.69219 0.33398 0.01562 0.01953
0 0.75781 0.31641 0.01562 0.01953
0 0.95469 0.08203 0.01562 0.01953
0 0.85469 0.84375 0.01562 0.01953
