0 0.15313 0.29883 0.01562 0.01953
0 0.89375 0.03125 0.01562 0.01953
0 0.91406 0.07227 0.01562 0.01953
0 0.93437 0.05078 0.01562 0.01953
0 0.92656 0.03516 0.01562 0.01953
0 0.97813 0.02539 0.01562 0.01953
0 0.95937 0.04688 0.01562 0.01953
0 0.94219 0.07031 0.01562 0.01953
0 0.98125 0.07227 0.01562 0.01953
0 0.96406 0.07227 0.01562 0.01953
0 0.92344 0.08984 0.01562 0.01953
0 0.90625 0.10547 0.01562 0.01953
0 0.97969 0.09375 0.01562 0.01953
0 0.91250 0.01562 0.01562 0.01953
0 0.95937 0.02344 0.01562 0.01953
0 0.94063 0.03125 0.01562 0.01953
0 0.98594 0.11328 0.01562 0.01953
0 0.93281 0.14062 0.01562 0.01953
0 0.87187 0.15234 0.01562 0.01953
0 0.85000 0.18750 0.01562 0.01953
0 0.92812 0.16992 0.01562 0.01953
0 0.90469 0.17969 0.01562 0.01953
0 0.96562 0.14453 0.01562 0.01953
0 0.95937 0.17383 0.01562 0.01953
0 0.98438 0.15625 0.01562 0.01953
0 0.97031 0.20117 0.01562 0.01953
0 0.97500 0.22656 0.01562 0.01953
0 0.91094 0.20508 0.01562 0.01953
0 0.93437 0.21875 0.01562 0.01953
0 0.95156 0.23828 0.01562 0.01953
0 0.96562 0.25781 0.01562 0.01953
0 0.96875 0.29297 0.01562 0.01953
0 0.98906 0.28125 0.01562 0.01953
0 0.93750 0.26172 0.01562 0.01953
0 0.86719 0.22070 0.01562 0.01953
0 0.88906 0.24805 0.01562 0.01953
0 0.90938 0.25781 0.01562 0.01953
0 0.93281 0.28906 0.01562 0.01953
0 0.96719 0.32812 0.01562 0.01953
0 0.92656 0.32031 0.01562 0.01953
0 0.90312 0.30469 0.01562 0.01953
0 0.88906 0.27539 0.01562 0.01953
0 0.85625 0.24219 0.01562 0.01953
0 0.81250 0.24023 0.01562 0.01953
0 0.82812 0.27734 0.01562 0.01953
0 0.85625 0.27734 0.01562 0.01953
0 0.87656 0.29492 0.01562 0.01953
0 0.91719 0.36523 0.01562 0.01953
0 0.88281 0.34766 0.01562 0.01953
0 0.86094 0.33594 0.01562 0.01953
0 0.86875 0.31445 0.01562 0.01953
0 0.83281 0.30859 0.01562 0.01953
0 0.81094 0.29492 0.01562 0.01953
0 0.78281 0.26758 0.01562 0.01953
0 0.86250 0.42188 0.01562 0.01953
0 0.85625 0.38867 0.01562 0.01953
0 0.83437 0.36914 0.01562 0.01953
0 0.80781 0.39062 0.01562 0.01953
0 0.79688 0.35547 0.01562 0.01953
0 0.78125 0.33594 0.01562 0.01953
0 0.81250 0.32227 0.01562 0.01953
0 0.75156 0.24219 0.01562 0.01953
0 0.75000 0.27539 0.01562 0.01953
0 0.72656 0.29297 0.01562 0.01953
0 0.75156 0.31445 0.01562 0.01953
0 0.76875 0.30078 0.01562 0.01953
0 0.75625 0.35156 0.01562 0.01953
0 0.72969 0.35156 0.01562 0.01953
0 0.77500 0.38281 0.01562 0.01953
0 0.73594 0.37500 0.01562 0.01953
0 0.75938 0.39062 0.01562 0.01953
0 0.71562 0.41602 0.01562 0.01953
0 0.79219 0.43359 0.01562 0.01953
0 0.82344 0.46289 0.01562 0.01953
0 0.77344 0.48242 0.01562 0.01953
0 0.80781 0.52930 0.01562 0.01953
0 0.81250 0.58203 0.01562 0.01953
0 0.84531 0.59570 0.01562 0.01953
0 0.89844 0.51562 0.01562 0.01953
0 0.96719 0.49609 0.01562 0.01953
0 0.93125 0.47852 0.01562 0.01953
0 0.98906 0.46680 0.01562 0.01953
0 0.92656 0.64648 0.01562 0.01953
0 0.75625 0.61328 0.01562 0.01953
0 0.76094 0.56445 0.01562 0.01953
0 0.73906 0.50000 0.01562 0.01953
0 0.70312 0.55664 0.01562 0.01953
0 0.67344 0.59180 0.01562 0.01953
0 0.68594 0.63477 0.01562 0.01953
0 0.59219 0.49023 0.01562 0.01953
0 0.67188 0.49219 0.01562 0.01953
0 0.70156 0.45703 0.01562 0.01953
0 0.68750 0.39844 0.01562 0.01953
0 0.65469 0.41602 0.01562 0.01953
0 0.62813 0.44922 0.01562 0.01953
0 0.59062 0.44922 0.01562 0.01953
0 0.55469 0.44922 0.01562 0.01953
0 0.45625 0.49609 0.01562 0.01953
0 0.33906 0.72266 0.01562 0.01953
0 0.35469 0.68945 0.01562 0.01953
0 0.33906 0.63477 0.01562 0.01953
0 0.29219 0.71289 0.01562 0.01953
0 0.26719 0.66602 0.01562 0.01953
0 0.23750 0.65234 0.01562 0.01953
0 0.23594 0.62500 0.01562 0.01953
0 0.38438 0.47070 0.01562 0.01953
0 0.30781 0.50586 0.01562 0.01953
0 0.28750 0.44922 0.01562 0.01953
0 0.23125 0.44336 0.01562 0.01953
0 0.35938 0.07227 0.01562 0.01953
0 0.32969 0.08398 0.01562 0.01953
0 0.35938 0.11719 0.01562 0.01953
0 0.30625 0.02734 0.01562 0.01953
0 0.32656 0.04688 0.01562 0.01953
0 0.34687 0.01562 0.01562 0.01953
0 0.27813 0.03125 0.01562 0.01953
0 0.30156 0.06250 0.01562 0.01953
0 0.31406 0.11328 0.01562 0.01953
0 0.33906 0.13867 0.01562 0.01953
0 0.25312 0.04297 0.01562 0.01953
0 0.23594 0.05078 0.01562 0.01953
0 0.20938 0.05469 0.01562 0.01953
0 0.27656 0.07227 0.01562 0.01953
0 0.27500 0.09961 0.01562 0.01953
0 0.23750 0.10547 0.01562 0.01953
0 0.25781 0.13867 0.01562 0.01953
0 0.28906 0.13867 0.01562 0.01953
0 0.24375 0.16211 0.01562 0.01953
0 0.23438 0.21094 0.01562 0.01953
0 0.17813 0.22070 0.01562 0.01953
0 0.24063 0.25000 0.01562 0.01953
0 0.23125 0.29492 0.01562 0.01953
0 0.24688 0.32227 0.01562 0.01953
0 0.27031 0.36719 0.01562 0.01953
0 0.27031 0.18359 0.01562 0.01953
0 0.28437 0.21875 0.01562 0.01953
0 0.28125 0.26758 0.01562 0.01953
0 0.28906 0.32227 0.01562 0.01953
0 0.32344 0.36914 0.01562 0.01953
0 0.33594 0.41211 0.01562 0.01953
0 0.36094 0.37695 0.01562 0.01953
0 0.41094 0.36133 0.01562 0.01953
0 0.38906 0.36914 0.01562 0.01953
0 0.37656 0.33008 0.01562 0.01953
0 0.32031 0.33398 0.01562 0.01953
0 0.33281 0.31836 0.01562 0.01953
0 0.32031 0.28516 0.01562 0.01953
0 0.30625 0.25586 0.01562 0.01953
0 0.32188 0.22461 0.01562 0.01953
0 0.29531 0.19141 0.01562 0.01953
0 0.30156 0.15625 0.01562 0.01953
0 0.35313 0.28711 0.01562 0.01953
0 0.34844 0.25977 0.01562 0.01953
0 0.34219 0.23633 0.01562 0.01953
0 0.35156 0.19531 0.01562 0.01953
0 0.33906 0.17383 0.01562 0.01953
0 0.37188 0.22656 0.01562 0.01953
0 0.38750 0.25195 0.01562 0.01953
0 0.37188 0.28320 0.01562 0.01953
0 0.40156 0.28125 0.01562 0.01953
0 0.40313 0.31250 0.01562 0.01953
0 0.42344 0.33008 0.01562 0.01953
0 0.45156 0.43555 0.01562 0.01953
0 0.43750 0.40234 0.01562 0.01953
0 0.52656 0.43555 0.01562 0.01953
0 0.49531 0.42188 0.01562 0.01953
0 0.47813 0.40234 0.01562 0.01953
0 0.46563 0.37500 0.01562 0.01953
0 0.58594 0.40820 0.01562 0.01953
0 0.63125 0.39258 0.01562 0.01953
0 0.66563 0.35547 0.01562 0.01953
0 0.69219 0.33984 0.01562 0.01953
0 0.70937 0.31836 0.01562 0.01953
0 0.53125 0.38086 0.01562 0.01953
0 0.49844 0.36719 0.01562 0.01953
0 0.48281 0.33984 0.01562 0.01953
0 0.45312 0.33398 0.01562 0.01953
0 0.47344 0.30664 0.01562 0.01953
0 0.44062 0.30273 0.01562 0.01953
0 0.41719 0.29297 0.01562 0.01953
0 0.42656 0.26562 0.01562 0.01953
0 0.41719 0.23242 0.01562 0.01953
0 0.43594 0.23633 0.01562 0.01953
0 0.43906 0.20703 0.01562 0.01953
0 0.43906 0.20703 0.01562 0.01953
0 0.42031 0.20312 0.01562 0.01953
0 0.40313 0.20117 0.01562 0.01953
0 0.46406 0.24023 0.01562 0.01953
0 0.45469 0.26953 0.01562 0.01953
0 0.48281 0.25781 0.01562 0.01953
0 0.50000 0.30273 0.01562 0.01953
0 0.52031 0.28516 0.01562 0.01953
0 0.52031 0.33008 0.01562 0.01953
0 0.55469 0.34766 0.01562 0.01953
0 0.57188 0.37109 0.01562 0.01953
0 0.59219 0.34766 0.01562 0.01953
0 0.61094 0.37500 0.01562 0.01953
0 0.62344 0.34375 0.01562 0.01953
0 0.65156 0.33398 0.01562 0.01953
0 0.67656 0.30273 0.01562 0.01953
0 0.63594 0.30859 0.01562 0.01953
0 0.61406 0.30078 0.01562 0.01953
0 0.57344 0.31445 0.01562 0.01953
0 0.54688 0.32227 0.01562 0.01953
0 0.58906 0.29492 0.01562 0.01953
0 0.57969 0.26953 0.01562 0.01953
0 0.55937 0.26953 0.01562 0.01953
0 0.62500 0.26758 0.01562 0.01953
0 0.65312 0.26562 0.01562 0.01953
0 0.65625 0.22656 0.01562 0.01953
0 0.61875 0.23047 0.01562 0.01953
0 0.58906 0.24219 0.01562 0.01953
0 0.55469 0.22852 0.01562 0.01953
0 0.52812 0.21875 0.01562 0.01953
0 0.49531 0.20508 0.01562 0.01953
0 0.68437 0.25000 0.01562 0.01953
0 0.69531 0.28516 0.01562 0.01953
0 0.71562 0.24023 0.01562 0.01953
0 0.78594 0.20508 0.01562 0.01953
0 0.82656 0.67773 0.01562 0.01953
