0 0.80781 0.03125 0.01562 0.01953
0 0.86094 0.02734 0.01562 0.01953
0 0.84062 0.04883 0.01562 0.01953
0 0.89531 0.02344 0.01562 0.01953
0 0.92969 0.01953 0.01562 0.01953
0 0.90469 0.05078 0.01562 0.01953
0 0.94531 0.04492 0.01562 0.01953
0 0.92031 0.06836 0.01562 0.01953
0 0.87813 0.06250 0.01562 0.01953
0 0.89844 0.08789 0.01562 0.01953
0 0.95312 0.08789 0.01562 0.01953
0 0.95312 0.11719 0.01562 0.01953
0 0.91406 0.10547 0.01562 0.01953
0 0.97969 0.10547 0.01562 0.01953
0 0.92812 0.12695 0.01562 0.01953
0 0.85781 0.08789 0.01562 0.01953
0 0.79219 0.06836 0.01562 0.01953
0 0.84688 0.11914 0.01562 0.01953
0 0.89531 0.10938 0.01562 0.01953
0 0.92969 0.16602 0.01562 0.01953
0 0.89687 0.14453 0.01562 0.01953
0 0.89844 0.17969 0.01562 0.01953
0 0.94219 0.20898 0.01562 0.01953
0 0.97969 0.16797 0.01562 0.01953
0 0.89219 0.21875 0.01562 0.01953
0 0.86406 0.21875 0.01562 0.01953
0 0.86250 0.16602 0.01562 0.01953
0 0.85156 0.14258 0.01562 0.01953
0 0.87813 0.10742 0.01562 0.01953
0 0.86719 0.13086 0.01562 0.01953
0 0.76562 0.13281 0.01562 0.01953
0 0.81563 0.15430 0.01562 0.01953
0 0.83594 0.16602 0.01562 0.01953
0 0.83281 0.18750 0.01562 0.01953
0 0.83437 0.21484 0.01562 0.01953
0 0.84062 0.26367 0.01562 0.01953
0 0.81563 0.24414 0.01562 0.01953
0 0.80781 0.19336 0.01562 0.01953
0 0.78438 0.16406 0.01562 0.01953
0 0.77500 0.19336 0.01562 0.01953
0 0.78125 0.21680 0.01562 0.01953
0 0.80781 0.10742 0.01562 0.01953
0 0.82969 0.11328 0.01562 0.01953
0 0.79844 0.28711 0.01562 0.01953
0 0.78125 0.25000 0.01562 0.01953
0 0.75625 0.24023 0.01562 0.01953
0 0.73906 0.20508 0.01562 0.01953
0 0.74375 0.17969 0.01562 0.01953
0 0.70781 0.16016 0.01562 0.01953
0 0.67812 0.17383 0.01562 0.01953
0 0.70000 0.21289 0.01562 0.01953
0 0.72188 0.23047 0.01562 0.01953
0 0.73750 0.26172 0.01562 0.01953
0 0.75938 0.29297 0.01562 0.01953
0 0.79375 0.32812 0.01562 0.01953
0 0.85000 0.29492 0.01562 0.01953
0 0.92656 0.31445 0.01562 0.01953
0 0.96719 0.32227 0.01562 0.01953
0 0.90781 0.36914 0.01562 0.01953
0 0.82031 0.34766 0.01562 0.01953
0 0.78438 0.37891 0.01562 0.01953
0 0.81406 0.41602 0.01562 0.01953
0 0.83750 0.46289 0.01562 0.01953
0 0.87969 0.45898 0.01562 0.01953
0 0.78281 0.47266 0.01562 0.01953
0 0.75000 0.40820 0.01562 0.01953
0 0.71094 0.38086 0.01562 0.01953
0 0.71562 0.33398 0.01562 0.01953
0 0.72969 0.29492 0.01562 0.01953
0 0.71094 0.26758 0.01562 0.01953
0 0.68125 0.25586 0.01562 0.01953
0 0.66719 0.20898 0.01562 0.01953
0 0.65000 0.24609 0.01562 0.01953
0 0.66563 0.27539 0.01562 0.01953
0 0.68906 0.29492 0.01562 0.01953
0 0.67969 0.32812 0.01562 0.01953
0 0.65625 0.29688 0.01562 0.01953
0 0.63594 0.28320 0.01562 0.01953
0 0.64219 0.18164 0.01562 0.01953
0 0.61406 0.19336 0.01562 0.01953
0 0.62031 0.21875 0.01562 0.01953
0 0.58594 0.20117 0.01562 0.01953
0 0.59375 0.23438 0.01562 0.01953
0 0.61406 0.26172 0.01562 0.01953
0 0.58594 0.26172 0.01562 0.01953
0 0.61094 0.30469 0.01562 0.01953
0 0.62813 0.34180 0.01562 0.01953
0 0.65156 0.36523 0.01562 0.01953
0 0.68750 0.42969 0.01562 0.01953
0 0.62656 0.39062 0.01562 0.01953
0 0.60313 0.33789 0.01562 0.01953
0 0.58125 0.37695 0.01562 0.01953
0 0.57656 0.31836 0.01562 0.01953
0 0.55625 0.24805 0.01562 0.01953
0 0.55312 0.21094 0.01562 0.01953
0 0.51719 0.21289 0.01562 0.01953
0 0.49062 0.22070 0.01562 0.01953
0 0.52187 0.25391 0.01562 0.01953
0 0.54844 0.29492 0.01562 0.01953
0 0.52656 0.29883 0.01562 0.01953
0 0.50000 0.27930 0.01562 0.01953
0 0.45156 0.21289 0.01562 0.01953
0 0.45781 0.27148 0.01562 0.01953
0 0.48594 0.30859 0.01562 0.01953
0 0.50156 0.32227 0.01562 0.01953
0 0.54375 0.33398 0.01562 0.01953
0 0.56563 0.33984 0.01562 0.01953
0 0.61406 0.44922 0.01562 0.01953
0 0.59531 0.41211 0.01562 0.01953
0 0.56563 0.42188 0.01562 0.01953
0 0.53594 0.42188 0.01562 0.01953
0 0.51094 0.41992 0.01562 0.01953
0 0.52812 0.37109 0.01562 0.01953
0 0.49062 0.36523 0.01562 0.01953
0 0.46875 0.34375 0.01562 0.01953
0 0.45625 0.31445 0.01562 0.01953
0 0.43125 0.28711 0.01562 0.01953
0 0.43125 0.25781 0.01562 0.01953
0 0.42656 0.32031 0.01562 0.01953
0 0.43594 0.34180 0.01562 0.01953
0 0.46563 0.38672 0.01562 0.01953
0 0.48438 0.40625 0.01562 0.01953
0 0.46875 0.44336 0.01562 0.01953
0 0.46875 0.49609 0.01562 0.01953
0 0.63047 0.49707 0.00156 0.00195
0 0.54844 0.54297 0.01562 0.01953
0 0.70000 0.52734 0.01562 0.01953
0 0.41250 0.38867 0.01562 0.01953
0 0.41406 0.35742 0.01562 0.01953
0 0.38281 0.23242 0.01562 0.01953
0 0.40469 0.23047 0.01562 0.01953
0 0.38750 0.26367 0.01562 0.01953
0 0.40313 0.26367 0.01562 0.01953
0 0.39844 0.29883 0.01562 0.01953
0 0.38750 0.34180 0.01562 0.01953
0 0.36719 0.36719 0.01562 0.01953
0 0.37969 0.39648 0.01562 0.01953
0 0.34531 0.46094 0.01562 0.01953
0 0.31406 0.51953 0.01562 0.01953
0 0.24688 0.51758 0.01562 0.01953
0 0.22656 0.60352 0.01562 0.01953
0 0.32812 0.42188 0.01562 0.01953
0 0.31250 0.38867 0.01562 0.01953
0 0.27969 0.38867 0.01562 0.01953
0 0.25156 0.41602 0.01562 0.01953
0 0.33906 0.33789 0.01562 0.01953
0 0.35625 0.32422 0.01562 0.01953
0 0.37969 0.30859 0.01562 0.01953
0 0.36250 0.28906 0.01562 0.01953
0 0.36406 0.24023 0.01562 0.01953
0 0.33750 0.27539 0.01562 0.01953
0 0.31875 0.29102 0.01562 0.01953
0 0.32188 0.31445 0.01562 0.01953
0 0.30781 0.35156 0.01562 0.01953
0 0.28437 0.31836 0.01562 0.01953
0 0.25781 0.33594 0.01562 0.01953
0 0.23125 0.34375 0.01562 0.01953
0 0.22031 0.39258 0.01562 0.01953
0 0.32031 0.25195 0.01562 0.01953
0 0.29063 0.27539 0.01562 0.01953
0 0.28906 0.23828 0.01562 0.01953
0 0.26406 0.26172 0.01562 0.01953
0 0.20312 0.30078 0.01562 0.01953
0 0.25156 0.28125 0.01562 0.01953
0 0.18281 0.20117 0.01562 0.01953
0 0.22031 0.22070 0.01562 0.01953
0 0.20469 0.24805 0.01562 0.01953
0 0.26250 0.18555 0.01562 0.01953
0 0.30781 0.17188 0.01562 0.01953
0 0.29063 0.20117 0.01562 0.01953
0 0.30000 0.12695 0.01562 0.01953
0 0.27031 0.14648 0.01562 0.01953
0 0.25781 0.11914 0.01562 0.01953
0 0.22969 0.17969 0.01562 0.01953
0 0.17188 0.14844 0.01562 0.01953
0 0.14688 0.16602 0.01562 0.01953
0 0.07500 0.11719 0.01562 0.01953
0 0.07656 0.06445 0.01562 0.01953
0 0.12812 0.07617 0.01562 0.01953
0 0.15937 0.10547 0.01562 0.01953
0 0.19375 0.10352 0.01562 0.01953
0 0.19844 0.13672 0.01562 0.01953
0 0.23438 0.13477 0.01562 0.01953
0 0.23594 0.10938 0.01562 0.01953
0 0.20469 0.06641 0.01562 0.01953
0 0.17813 0.04492 0.01562 0.01953
0 0.11875 0.02539 0.01562 0.01953
0 0.24531 0.02539 0.01562 0.01953
0 0.21563 0.03906 0.01562 0.01953
0 0.27656 0.06836 0.01562 0.01953
0 0.26875 0.58984 0.01562 0.01953
0 0.41250 0.50195 0.01562 0.01953
0 0.44062 0.49219 0.01562 0.01953
0 0.73281 0.55664 0.01562 0.01953
0 0.96875 0.49023 0.01562 0.01953
0 0.30312 0.71875 0.01562 0.01953
0 0.33750 0.73242 0.01562 0.01953
0 0.37344 0.76172 0.01562 0.01953
0 0.41406 0.76562 0.01562 0.01953
0 0.42500 0.72656 0.01562 0.01953
0 0.39062 0.67188 0.01562 0.01953
0 0.73438 0.11523 0.01562 0.01953
0 0.87187 0.55469 0.01562 0.01953
0 0.15156 0.33789 0.01562 0.01953
