0 0.07500 0.02539 0.01562 0.01953
0 0.08906 0.05859 0.01562 0.01953
0 0.03750 0.06250 0.01562 0.01953
0 0.05469 0.06641 0.01562 0.01953
0 0.02344 0.09961 0.01562 0.01953
0 0.02187 0.02930 0.01562 0.01953
0 0.10469 0.09180 0.01562 0.01953
0 0.11250 0.04492 0.01562 0.01953
0 0.05000 0.13477 0.01562 0.01953
0 0.10781 0.13281 0.01562 0.01953
0 0.13437 0.09961 0.01562 0.01953
0 0.14375 0.06641 0.01562 0.01953
0 0.19062 0.08789 0.01562 0.01953
0 0.20938 0.10742 0.01562 0.01953
0 0.13594 0.01172 0.01562 0.01953
0 0.14688 0.11719 0.01562 0.01953
0 0.12344 0.14453 0.01562 0.01953
0 0.08125 0.15234 0.01562 0.01953
0 0.10781 0.22070 0.01562 0.01953
0 0.11875 0.18945 0.01562 0.01953
0 0.13906 0.17969 0.01562 0.01953
0 0.16719 0.17578 0.01562 0.01953
0 0.16094 0.14258 0.01562 0.01953
0 0.14375 0.21094 0.01562 0.01953
0 0.17500 0.21289 0.01562 0.01953
0 0.16875 0.23633 0.01562 0.01953
0 0.13750 0.26367 0.01562 0.01953
0 0.16094 0.29297 0.01562 0.01953
0 0.17813 0.40625 0.01562 0.01953
0 0.03438 0.31836 0.01562 0.01953
0 0.20312 0.37500 0.01562 0.01953
0 0.20312 0.28125 0.01562 0.01953
0 0.19375 0.21289 0.01562 0.01953
0 0.22656 0.22461 0.01562 0.01953
0 0.23281 0.27539 0.01562 0.01953
0 0.25156 0.24805 0.01562 0.01953
0 0.25000 0.28906 0.01562 0.01953
0 0.23594 0.34180 0.01562 0.01953
0 0.24688 0.40234 0.01562 0.01953
0 0.25469 0.36914 0.01562 0.01953
0 0.29844 0.55664 0.01562 0.01953
0 0.32812 0.54883 0.01562 0.01953
0 0.27500 0.24219 0.01562 0.01953
0 0.31250 0.25586 0.01562 0.01953
0 0.29844 0.30273 0.01562 0.01953
0 0.28125 0.32812 0.01562 0.01953
0 0.25938 0.32617 0.01562 0.01953
0 0.27500 0.35547 0.01562 0.01953
0 0.28437 0.41406 0.01562 0.01953
0 0.30156 0.36523 0.01562 0.01953
0 0.32500 0.45312 0.01562 0.01953
0 0.33594 0.49805 0.01562 0.01953
0 0.37031 0.52148 0.01562 0.01953
0 0.38125 0.56250 0.01562 0.01953
0 0.41250 0.56836 0.01562 0.01953
0 0.36406 0.29297 0.01562 0.01953
0 0.32656 0.30859 0.01562 0.01953
0 0.37031 0.36133 0.01562 0.01953
0 0.34531 0.40430 0.01562 0.01953
0 0.32031 0.41602 0.01562 0.01953
0 0.35000 0.36523 0.01562 0.01953
0 0.36562 0.41211 0.01562 0.01953
0 0.34844 0.45508 0.01562 0.01953
0 0.37656 0.46094 0.01562 0.01953
0 0.38281 0.43555 0.01562 0.01953
0 0.39687 0.49805 0.01562 0.01953
0 0.42812 0.53516 0.01562 0.01953
0 0.34375 0.93359 0.01562 0.01953
0 0.50000 0.64258 0.01562 0.01953
0 0.45625 0.58398 0.01562 0.01953
0 0.39062 0.39453 0.01562 0.01953
0 0.40469 0.43750 0.01562 0.01953
0 0.41406 0.47266 0.01562 0.01953
0 0.44062 0.48828 0.01562 0.01953
0 0.46094 0.52930 0.01562 0.01953
0 0.49531 0.51758 0.01562 0.01953
0 0.46719 0.49805 0.01562 0.01953
0 0.46563 0.46680 0.01562 0.01953
0 0.44844 0.44922 0.01562 0.01953
0 0.43281 0.43555 0.01562 0.01953
0 0.42031 0.39648 0.01562 0.01953
0 0.44219 0.40234 0.01562 0.01953
0 0.47344 0.40430 0.01562 0.01953
0 0.47500 0.44531 0.01562 0.01953
0 0.49375 0.42773 0.01562 0.01953
0 0.50000 0.48242 0.01562 0.01953
0 0.51719 0.43945 0.01562 0.01953
0 0.52812 0.50586 0.01562 0.01953
0 0.52812 0.53320 0.01562 0.01953
0 0.59531 0.63281 0.01562 0.01953
0 0.58594 0.57227 0.01562 0.01953
0 0.59688 0.83789 0.01562 0.01953
0 0.63594 0.82031 0.01562 0.01953
0 0.67812 0.81445 0.01562 0.01953
0 0.67188 0.76758 0.01562 0.01953
0 0.64062 0.73047 0.01562 0.01953
0 0.59688 0.75195 0.01562 0.01953
0 0.55937 0.82422 0.01562 0.01953
0 0.62187 0.55469 0.01562 0.01953
0 0.67969 0.54297 0.01562 0.01953
0 0.61875 0.49609 0.01562 0.01953
0 0.58750 0.47656 0.01562 0.01953
0 0.55000 0.47070 0.01562 0.01953
0 0.54375 0.44336 0.01562 0.01953
0 0.53438 0.40820 0.01562 0.01953
0 0.51719 0.41602 0.01562 0.01953
0 0.45937 0.36328 0.01562 0.01953
0 0.52187 0.33594 0.01562 0.01953
0 0.53281 0.36914 0.01562 0.01953
0 0.47500 0.34766 0.01562 0.01953
0 0.49531 0.33594 0.01562 0.01953
0 0.48750 0.37500 0.01562 0.01953
0 0.50469 0.36133 0.01562 0.01953
0 0.50781 0.39453 0.01562 0.01953
0 0.55312 0.32812 0.01562 0.01953
0 0.53281 0.28906 0.01562 0.01953
0 0.56563 0.28125 0.01562 0.01953
0 0.59062 0.25391 0.01562 0.01953
0 0.62344 0.24219 0.01562 0.01953
0 0.59531 0.32812 0.01562 0.01953
0 0.58437 0.36523 0.01562 0.01953
0 0.56719 0.37891 0.01562 0.01953
0 0.56250 0.41602 0.01562 0.01953
0 0.59062 0.40234 0.01562 0.01953
0 0.59062 0.43750 0.01562 0.01953
0 0.61719 0.45117 0.01562 0.01953
0 0.64687 0.43945 0.01562 0.01953
0 0.67500 0.44336 0.01562 0.01953
0 0.61875 0.41211 0.01562 0.01953
0 0.61562 0.36328 0.01562 0.01953
0 0.62344 0.33008 0.01562 0.01953
0 0.61250 0.29102 0.01562 0.01953
0 0.63594 0.27148 0.01562 0.01953
0 0.64062 0.31641 0.01562 0.01953
0 0.64687 0.35742 0.01562 0.01953
0 0.67344 0.35547 0.01562 0.01953
0 0.64844 0.40039 0.01562 0.01953
0 0.74687 0.42773 0.01562 0.01953
0 0.72656 0.63086 0.01562 0.01953
0 0.81563 0.37109 0.01562 0.01953
0 0.72188 0.40234 0.01562 0.01953
0 0.69688 0.38086 0.01562 0.01953
0 0.86562 0.31445 0.01562 0.01953
0 0.92344 0.36133 0.01562 0.01953
0 0.87969 0.48828 0.01562 0.01953
0 0.97500 0.33594 0.01562 0.01953
0 0.93281 0.29102 0.01562 0.01953
0 0.81094 0.32227 0.01562 0.01953
0 0.75625 0.36914 0.01562 0.01953
0 0.70469 0.33008 0.01562 0.01953
0 0.67656 0.32227 0.01562 0.01953
0 0.65938 0.28516 0.01562 0.01953
0 0.70312 0.29102 0.01562 0.01953
0 0.73750 0.26367 0.01562 0.01953
0 0.73438 0.31641 0.01562 0.01953
0 0.77344 0.28516 0.01562 0.01953
0 0.80781 0.26367 0.01562 0.01953
0 0.87344 0.23438 0.01562 0.01953
0 0.91406 0.23438 0.01562 0.01953
0 0.88125 0.27539 0.01562 0.01953
0 0.92812 0.17383 0.01562 0.01953
0 0.90938 0.13477 0.01562 0.01953
0 0.87656 0.18555 0.01562 0.01953
0 0.84219 0.20703 0.01562 0.01953
0 0.81250 0.23242 0.01562 0.01953
0 0.66719 0.24316 0.00000 0.00195
0 0.64687 0.21680 0.01562 0.01953
0 0.67344 0.19336 0.01562 0.01953
0 0.71719 0.21484 0.01562 0.01953
0 0.70000 0.25000 0.01562 0.01953
0 0.72656 0.18750 0.01562 0.01953
0 0.70000 0.16992 0.01562 0.01953
0 0.72656 0.14062 0.01562 0.01953
0 0.75313 0.12109 0.01562 0.01953
0 0.78281 0.11328 0.01562 0.01953
0 0.77500 0.16992 0.01562 0.01953
0 0.75156 0.20898 0.01562 0.01953
0 0.74375 0.23242 0.01562 0.01953
0 0.78125 0.24609 0.01562 0.01953
0 0.77969 0.21484 0.01562 0.01953
0 0.81406 0.15625 0.01562 0.01953
0 0.78438 0.14062 0.01562 0.01953
0 0.83125 0.12695 0.01562 0.01953
0 0.84844 0.15234 0.01562 0.01953
0 0.87500 0.14258 0.01562 0.01953
0 0.80312 0.18945 0.01562 0.01953
0 0.82344 0.10938 0.01562 0.01953
0 0.88281 0.09961 0.01562 0.01953
0 0.94219 0.07812 0.01562 0.01953
0 0.90938 0.07227 0.01562 0.01953
0 0.97969 0.04297 0.01562 0.01953
0 0.93125 0.05273 0.01562 0.01953
0 0.95625 0.01758 0.01562 0.01953
0 0.89531 0.03711 0.01562 0.01953
0 0.86875 0.05078 0.01562 0.01953
0 0.84531 0.05469 0.01562 0.01953
0 0.86719 0.08008 0.01562 0.01953
0 0.84844 0.09375 0.01562 0.01953
0 0.79531 0.05859 0.01562 0.01953
0 0.86719 0.01758 0.01562 0.01953
0 0.24375 0.16602 0.01562 0.01953
0 0.19844 0.16016 0.01562 0.01953
0 0.75938 0.05664 0.01562 0.01953
0 0.14219 0.35938 0.01562 0.01953
0 0.25625 0.56250 0.01562 0.01953
0 0.22031 0.18750 0.01562 0.01953
0 0.21719 0.16602 0.01562 0.01953
0 0.24688 0.15234 0.01562 0.01953
