0 0.06250 0.40039 0.01562 0.01953
0 0.02656 0.17383 0.01562 0.01953
0 0.02187 0.25586 0.01562 0.01953
0 0.02187 0.28711 0.01562 0.01953
0 0.01094 0.33789 0.01562 0.01953
0 0.01250 0.36914 0.01562 0.01953
0 0.03125 0.41992 0.01562 0.01953
0 0.05469 0.33594 0.01562 0.01953
0 0.06250 0.37109 0.01562 0.01953
0 0.07031 0.25391 0.01562 0.01953
0 0.09688 0.28125 0.01562 0.01953
0 0.11406 0.32227 0.01562 0.01953
0 0.09531 0.39844 0.01562 0.01953
0 0.07187 0.43750 0.01562 0.01953
0 0.15156 0.30273 0.01562 0.01953
0 0.13281 0.33594 0.01562 0.01953
0 0.11250 0.36914 0.01562 0.01953
0 0.15000 0.36328 0.01562 0.01953
0 0.16094 0.41602 0.01562 0.01953
0 0.18281 0.37500 0.01562 0.01953
0 0.20156 0.35547 0.01562 0.01953
0 0.18438 0.41602 0.01562 0.01953
0 0.10781 0.45508 0.01562 0.01953
0 0.09531 0.49414 0.01562 0.01953
0 0.11563 0.52734 0.01562 0.01953
0 0.13437 0.60352 0.01562 0.01953
0 0.16875 0.56445 0.01562 0.01953
0 0.15937 0.51758 0.01562 0.01953
0 0.18281 0.47656 0.01562 0.01953
0 0.19687 0.44922 0.01562 0.01953
0 0.21406 0.52344 0.01562 0.01953
0 0.20938 0.49414 0.01562 0.01953
0 0.22031 0.46484 0.01562 0.01953
0 0.24531 0.46289 0.01562 0.01953
0 0.25000 0.52148 0.01562 0.01953
0 0.20625 0.41602 0.01562 0.01953
0 0.23281 0.41211 0.01562 0.01953
0 0.23281 0.36914 0.01562 0.01953
0 0.25781 0.40234 0.01562 0.01953
0 0.29063 0.37500 0.01562 0.01953
0 0.29063 0.40820 0.01562 0.01953
0 0.29531 0.44531 0.01562 0.01953
0 0.27500 0.47070 0.01562 0.01953
0 0.28437 0.50781 0.01562 0.01953
0 0.28750 0.54102 0.01562 0.01953
0 0.32188 0.48242 0.01562 0.01953
0 0.32344 0.52930 0.01562 0.01953
0 0.32500 0.57031 0.01562 0.01953
0 0.30625 0.63867 0.01562 0.01953
0 0.35938 0.59180 0.01562 0.01953
0 0.37656 0.61719 0.01562 0.01953
0 0.41406 0.61328 0.01562 0.01953
0 0.37656 0.54883 0.01562 0.01953
0 0.35156 0.52539 0.01562 0.01953
0 0.35000 0.49805 0.01562 0.01953
0 0.35000 0.46094 0.01562 0.01953
0 0.37188 0.45117 0.01562 0.01953
0 0.37188 0.48828 0.01562 0.01953
0 0.38750 0.51953 0.01562 0.01953
0 0.42500 0.57812 0.01562 0.01953
0 0.45469 0.60938 0.01562 0.01953
0 0.51094 0.63867 0.01562 0.01953
0 0.44688 0.55273 0.01562 0.01953
0 0.44062 0.53125 0.01562 0.01953
0 0.42031 0.52148 0.01562 0.01953
0 0.43438 0.49023 0.01562 0.01953
0 0.41250 0.48242 0.01562 0.01953
0 0.39687 0.47070 0.01562 0.01953
0 0.43750 0.46875 0.01562 0.01953
0 0.47344 0.49023 0.01562 0.01953
0 0.47344 0.52930 0.01562 0.01953
0 0.50625 0.53125 0.01562 0.01953
0 0.50000 0.49609 0.01562 0.01953
0 0.47187 0.45508 0.01562 0.01953
0 0.45469 0.43555 0.01562 0.01953
0 0.42656 0.43555 0.01562 0.01953
0 0.40313 0.44727 0.01562 0.01953
0 0.40156 0.38867 0.01562 0.01953
0 0.41719 0.37500 0.01562 0.01953
0 0.42656 0.35547 0.01562 0.01953
0 0.42500 0.38867 0.01562 0.01953
0 0.44375 0.37305 0.01562 0.01953
0 0.44688 0.40234 0.01562 0.01953
0 0.47344 0.42578 0.01562 0.01953
0 0.50000 0.44141 0.01562 0.01953
0 0.51719 0.46680 0.01562 0.01953
0 0.54844 0.45312 0.01562 0.01953
0 0.55156 0.59375 0.01562 0.01953
0 0.57031 0.54883 0.01562 0.01953
0 0.60000 0.50391 0.01562 0.01953
0 0.74062 0.53320 0.01562 0.01953
0 0.66250 0.60742 0.01562 0.01953
0 0.60938 0.78125 0.01562 0.01953
0 0.65312 0.79492 0.01562 0.01953
0 0.69063 0.75977 0.01562 0.01953
0 0.71875 0.72266 0.01562 0.01953
0 0.71562 0.66016 0.01562 0.01953
0 0.67812 0.67188 0.01562 0.01953
0 0.64687 0.68164 0.01562 0.01953
0 0.62969 0.71875 0.01562 0.01953
0 0.43750 0.29688 0.01562 0.01953
0 0.45312 0.34766 0.01562 0.01953
0 0.47969 0.32812 0.01562 0.01953
0 0.47656 0.37500 0.01562 0.01953
0 0.48438 0.40234 0.01562 0.01953
0 0.50469 0.40430 0.01562 0.01953
0 0.53906 0.41992 0.01562 0.01953
0 0.58437 0.45898 0.01562 0.01953
0 0.57031 0.40820 0.01562 0.01953
0 0.56094 0.38086 0.01562 0.01953
0 0.52812 0.37305 0.01562 0.01953
0 0.50625 0.37500 0.01562 0.01953
0 0.52187 0.34570 0.01562 0.01953
0 0.58437 0.34961 0.01562 0.01953
0 0.59219 0.38867 0.01562 0.01953
0 0.62656 0.38086 0.01562 0.01953
0 0.62969 0.30664 0.01562 0.01953
0 0.59844 0.29688 0.01562 0.01953
0 0.57500 0.30859 0.01562 0.01953
0 0.55000 0.33594 0.01562 0.01953
0 0.54688 0.30078 0.01562 0.01953
0 0.51719 0.31055 0.01562 0.01953
0 0.47891 0.28125 0.00156 0.00000
0 0.49219 0.24805 0.01562 0.01953
0 0.51094 0.22070 0.01562 0.01953
0 0.52500 0.26562 0.01562 0.01953
0 0.53750 0.23633 0.01562 0.01953
0 0.56406 0.27734 0.01562 0.01953
0 0.56094 0.25195 0.01562 0.01953
0 0.59531 0.26758 0.01562 0.01953
0 0.62500 0.26758 0.01562 0.01953
0 0.65000 0.23047 0.01562 0.01953
0 0.61250 0.22852 0.01562 0.01953
0 0.57344 0.21875 0.01562 0.01953
0 0.59062 0.19531 0.01562 0.01953
0 0.55469 0.20117 0.01562 0.01953
0 0.56563 0.16211 0.01562 0.01953
0 0.53906 0.18750 0.01562 0.01953
0 0.60000 0.12695 0.01562 0.01953
0 0.56563 0.12109 0.01562 0.01953
0 0.65625 0.32812 0.01562 0.01953
0 0.69063 0.33789 0.01562 0.01953
0 0.81563 0.33203 0.01562 0.01953
0 0.83906 0.30469 0.01562 0.01953
0 0.82969 0.20312 0.01562 0.01953
0 0.73750 0.26758 0.01562 0.01953
0 0.66094 0.50000 0.01562 0.01953
0 0.86250 0.15430 0.01562 0.01953
0 0.89062 0.10742 0.01562 0.01953
0 0.96875 0.04688 0.01562 0.01953
0 0.80625 0.04102 0.01562 0.01953
0 0.78906 0.08008 0.01562 0.01953
0 0.75313 0.09961 0.01562 0.01953
0 0.77187 0.14844 0.01562 0.01953
0 0.76719 0.18164 0.01562 0.01953
0 0.71562 0.20508 0.01562 0.01953
0 0.67500 0.28125 0.01562 0.01953
0 0.69531 0.16797 0.01562 0.01953
0 0.67188 0.19531 0.01562 0.01953
0 0.63906 0.18164 0.01562 0.01953
0 0.60313 0.15820 0.01562 0.01953
0 0.66094 0.15234 0.01562 0.01953
0 0.63750 0.16211 0.01562 0.01953
0 0.63281 0.13086 0.01562 0.01953
0 0.66094 0.12695 0.01562 0.01953
0 0.68750 0.13086 0.01562 0.01953
0 0.70937 0.09375 0.01562 0.01953
0 0.73594 0.06641 0.01562 0.01953
0 0.75781 0.01367 0.01562 0.01953
0 0.72500 0.01367 0.01562 0.01953
0 0.70469 0.04688 0.01562 0.01953
0 0.67812 0.08789 0.01562 0.01953
0 0.67812 0.05469 0.01562 0.01953
0 0.68281 0.02539 0.01562 0.01953
0 0.65000 0.05859 0.01562 0.01953
0 0.65469 0.09180 0.01562 0.01953
0 0.62500 0.09961 0.01562 0.01953
0 0.61875 0.05859 0.01562 0.01953
0 0.63281 0.02930 0.01562 0.01953
0 0.59531 0.08008 0.01562 0.01953
0 0.66250 0.01758 0.01562 0.01953
0 0.60625 0.01758 0.01562 0.01953
0 0.08125 0.33398 0.01562 0.01953
0 0.06250 0.31250 0.01562 0.01953
0 0.10000 0.31445 0.01562 0.01953
0 0.82188 0.13281 0.01562 0.01953
