0 0.24688 0.38672 0.01562 0.01953
0 0.24688 0.33203 0.01562 0.01953
0 0.21406 0.38086 0.01562 0.01953
0 0.20938 0.34570 0.01562 0.01953
0 0.18750 0.38281 0.01562 0.01953
0 0.15469 0.36328 0.01562 0.01953
0 0.18125 0.42969 0.01562 0.01953
0 0.11563 0.32031 0.01562 0.01953
0 0.09688 0.37305 0.01562 0.01953
0 0.11406 0.28711 0.01562 0.01953
0 0.06094 0.25977 0.01562 0.01953
0 0.10156 0.24609 0.01562 0.01953
0 0.03594 0.20703 0.01562 0.01953
0 0.07031 0.22070 0.01562 0.01953
0 0.09688 0.18750 0.01562 0.01953
0 0.07187 0.17773 0.01562 0.01953
0 0.09688 0.16602 0.01562 0.01953
0 0.05156 0.14648 0.01562 0.01953
0 0.02656 0.12695 0.01562 0.01953
0 0.13281 0.17383 0.01562 0.01953
0 0.15625 0.18945 0.01562 0.01953
0 0.17813 0.18750 0.01562 0.01953
0 0.12500 0.23047 0.01562 0.01953
0 0.15156 0.24609 0.01562 0.01953
0 0.15156 0.29492 0.01562 0.01953
0 0.17031 0.30859 0.01562 0.01953
0 0.17500 0.26758 0.01562 0.01953
0 0.26875 0.28320 0.01562 0.01953
0 0.25000 0.25977 0.01562 0.01953
0 0.22031 0.24609 0.01562 0.01953
0 0.19687 0.22461 0.01562 0.01953
0 0.22031 0.20703 0.01562 0.01953
0 0.29219 0.24219 0.01562 0.01953
0 0.30781 0.29102 0.01562 0.01953
0 0.29688 0.32227 0.01562 0.01953
0 0.28437 0.34180 0.01562 0.01953
0 0.27969 0.38867 0.01562 0.01953
0 0.28437 0.45312 0.01562 0.01953
0 0.22031 0.49023 0.01562 0.01953
0 0.20938 0.46094 0.01562 0.01953
0 0.31562 0.52539 0.01562 0.01953
0 0.32969 0.45312 0.01562 0.01953
0 0.31406 0.40820 0.01562 0.01953
0 0.31250 0.38867 0.01562 0.01953
0 0.30938 0.34961 0.01562 0.01953
0 0.31719 0.30664 0.01562 0.01953
0 0.34063 0.35156 0.01562 0.01953
0 0.37812 0.31250 0.01562 0.01953
0 0.40625 0.31641 0.01562 0.01953
0 0.36562 0.35938 0.01562 0.01953
0 0.34687 0.37891 0.01562 0.01953
0 0.33750 0.40234 0.01562 0.01953
0 0.35469 0.43945 0.01562 0.01953
0 0.37656 0.50977 0.01562 0.01953
0 0.38281 0.48047 0.01562 0.01953
0 0.37500 0.44336 0.01562 0.01953
0 0.40937 0.45117 0.01562 0.01953
0 0.42188 0.48633 0.01562 0.01953
0 0.46406 0.48438 0.01562 0.01953
0 0.40313 0.42383 0.01562 0.01953
0 0.40781 0.39844 0.01562 0.01953
0 0.39375 0.36328 0.01562 0.01953
0 0.40469 0.37500 0.01562 0.01953
0 0.46719 0.33594 0.01562 0.01953
0 0.46250 0.37109 0.01562 0.01953
0 0.43594 0.37305 0.01562 0.01953
0 0.42031 0.35938 0.01562 0.01953
0 0.45312 0.40625 0.01562 0.01953
0 0.47813 0.43164 0.01562 0.01953
0 0.43750 0.44922 0.01562 0.01953
0 0.49062 0.54883 0.01562 0.01953
0 0.50938 0.45117 0.01562 0.01953
0 0.50625 0.49609 0.01562 0.01953
0 0.54219 0.50586 0.01562 0.01953
0 0.55312 0.58008 0.01562 0.01953
0 0.57344 0.54102 0.01562 0.01953
0 0.56563 0.51367 0.01562 0.01953
0 0.57344 0.48242 0.01562 0.01953
0 0.57344 0.44922 0.01562 0.01953
0 0.54844 0.46289 0.01562 0.01953
0 0.52969 0.44727 0.01562 0.01953
0 0.53750 0.41992 0.01562 0.01953
0 0.55937 0.43555 0.01562 0.01953
0 0.51562 0.41016 0.01562 0.01953
0 0.48750 0.39453 0.01562 0.01953
0 0.53438 0.38281 0.01562 0.01953
0 0.56563 0.37500 0.01562 0.01953
0 0.58125 0.42188 0.01562 0.01953
0 0.59844 0.44336 0.01562 0.01953
0 0.60469 0.46680 0.01562 0.01953
0 0.60156 0.51758 0.01562 0.01953
0 0.65625 0.53711 0.01562 0.01953
0 0.64062 0.50781 0.01562 0.01953
0 0.65312 0.47656 0.01562 0.01953
0 0.62500 0.47461 0.01562 0.01953
0 0.68750 0.51367 0.01562 0.01953
0 0.68437 0.55078 0.01562 0.01953
0 0.72188 0.56445 0.01562 0.01953
0 0.75156 0.58398 0.01562 0.01953
0 0.78594 0.57812 0.01562 0.01953
0 0.82812 0.63477 0.01562 0.01953
0 0.93750 0.58008 0.01562 0.01953
0 0.92344 0.66016 0.01562 0.01953
0 0.87813 0.55273 0.01562 0.01953
0 0.34844 0.61133 0.01562 0.01953
0 0.78906 0.52539 0.01562 0.01953
0 0.83281 0.55273 0.01562 0.01953
0 0.73750 0.52734 0.01562 0.01953
0 0.71562 0.50977 0.01562 0.01953
0 0.67344 0.46680 0.01562 0.01953
0 0.72656 0.46094 0.01562 0.01953
0 0.70625 0.47852 0.01562 0.01953
0 0.68906 0.43945 0.01562 0.01953
0 0.72344 0.42578 0.01562 0.01953
0 0.81250 0.50391 0.01562 0.01953
0 0.77969 0.48242 0.01562 0.01953
0 0.79063 0.44922 0.01562 0.01953
0 0.76562 0.44531 0.01562 0.01953
0 0.79219 0.42188 0.01562 0.01953
0 0.82344 0.39648 0.01562 0.01953
0 0.82969 0.43555 0.01562 0.01953
0 0.86094 0.48047 0.01562 0.01953
0 0.83281 0.47070 0.01562 0.01953
0 0.93750 0.51562 0.01562 0.01953
0 0.93125 0.46289 0.01562 0.01953
0 0.96875 0.41797 0.01562 0.01953
0 0.93125 0.36914 0.01562 0.01953
0 0.90000 0.39258 0.01562 0.01953
0 0.85781 0.40234 0.01562 0.01953
0 0.85625 0.43945 0.01562 0.01953
0 0.84531 0.36914 0.01562 0.01953
0 0.88281 0.34766 0.01562 0.01953
0 0.90938 0.32812 0.01562 0.01953
0 0.93281 0.31250 0.01562 0.01953
0 0.74375 0.43945 0.01562 0.01953
0 0.66250 0.42188 0.01562 0.01953
0 0.62813 0.40820 0.01562 0.01953
0 0.62500 0.37695 0.01562 0.01953
0 0.65938 0.38867 0.01562 0.01953
0 0.74687 0.41406 0.01562 0.01953
0 0.73125 0.39062 0.01562 0.01953
0 0.72813 0.36719 0.01562 0.01953
0 0.76406 0.39648 0.01562 0.01953
0 0.79531 0.39844 0.01562 0.01953
0 0.81094 0.36328 0.01562 0.01953
0 0.74219 0.34570 0.01562 0.01953
0 0.75625 0.32812 0.01562 0.01953
0 0.75938 0.35742 0.01562 0.01953
0 0.77500 0.34180 0.01562 0.01953
0 0.78594 0.36133 0.01562 0.01953
0 0.84688 0.34570 0.01562 0.01953
0 0.82344 0.34961 0.01562 0.01953
0 0.86094 0.30859 0.01562 0.01953
0 0.89687 0.30469 0.01562 0.01953
0 0.92031 0.26367 0.01562 0.01953
0 0.95937 0.28516 0.00000 0.00391
0 0.80625 0.31641 0.01562 0.01953
0 0.83594 0.31445 0.01562 0.01953
0 0.84531 0.27734 0.01562 0.01953
0 0.80000 0.27734 0.01562 0.01953
0 0.77656 0.30664 0.01562 0.01953
0 0.75938 0.26172 0.01562 0.01953
0 0.78125 0.21875 0.01562 0.01953
0 0.80000 0.18750 0.01562 0.01953
0 0.83750 0.20117 0.01562 0.01953
0 0.84062 0.24023 0.01562 0.01953
0 0.87187 0.23047 0.01562 0.01953
0 0.87031 0.25195 0.01562 0.01953
0 0.89844 0.23242 0.01562 0.01953
0 0.92344 0.21484 0.01562 0.01953
0 0.95937 0.21289 0.01562 0.01953
0 0.98594 0.22070 0.01562 0.01953
0 0.87813 0.20117 0.01562 0.01953
0 0.91094 0.17383 0.01562 0.01953
0 0.93437 0.16797 0.01562 0.01953
0 0.92031 0.14258 0.01562 0.01953
0 0.87969 0.17188 0.01562 0.01953
0 0.84531 0.16602 0.01562 0.01953
0 0.81563 0.15430 0.01562 0.01953
0 0.86094 0.12891 0.01562 0.01953
0 0.82500 0.10156 0.01562 0.01953
0 0.95937 0.13477 0.01562 0.01953
0 0.98750 0.13086 0.01562 0.01953
0 0.98281 0.08008 0.01562 0.01953
0 0.96719 0.04492 0.01562 0.01953
0 0.68594 0.63086 0.01562 0.01953
0 0.94219 0.09375 0.01562 0.01953
0 0.93125 0.05859 0.01562 0.01953
0 0.93125 0.03125 0.01562 0.01953
0 0.95312 0.01172 0.01562 0.01953
0 0.89687 0.07227 0.01562 0.01953
0 0.88906 0.03125 0.01562 0.01953
0 0.86406 0.08008 0.01562 0.01953
0 0.85156 0.04102 0.01562 0.01953
0 0.83750 0.08008 0.01562 0.01953
0 0.90000 0.11523 0.01562 0.01953
0 0.30625 0.26953 0.01562 0.01953
0 0.23750 0.24023 0.01562 0.01953
