0 0.91250 0.30469 0.01562 0.01953
0 0.03750 0.41797 0.01562 0.01953
0 0.03750 0.37695 0.01562 0.01953
0 0.07969 0.37109 0.01562 0.01953
0 0.10469 0.41797 0.01562 0.01953
0 0.12344 0.40039 0.01562 0.01953
0 0.16250 0.40820 0.01562 0.01953
0 0.15469 0.36719 0.01562 0.01953
0 0.18125 0.37500 0.01562 0.01953
0 0.18438 0.44336 0.01562 0.01953
0 0.21719 0.37305 0.01562 0.01953
0 0.20469 0.40039 0.01562 0.01953
0 0.21719 0.43555 0.01562 0.01953
0 0.22031 0.48242 0.01562 0.01953
0 0.27656 0.57031 0.01562 0.01953
0 0.27969 0.49023 0.01562 0.01953
0 0.26406 0.45508 0.01562 0.01953
0 0.29844 0.53125 0.01562 0.01953
0 0.35000 0.62695 0.01562 0.01953
0 0.23906 0.39258 0.01562 0.01953
0 0.27500 0.41797 0.01562 0.01953
0 0.28437 0.35742 0.01562 0.01953
0 0.29219 0.43555 0.01562 0.01953
0 0.35156 0.36133 0.01562 0.01953
0 0.32500 0.38672 0.01562 0.01953
0 0.35625 0.40625 0.01562 0.01953
0 0.33437 0.44141 0.01562 0.01953
0 0.30469 0.48047 0.01562 0.01953
0 0.33125 0.48633 0.01562 0.01953
0 0.35625 0.58398 0.01562 0.01953
0 0.33281 0.53125 0.01562 0.01953
0 0.36719 0.55078 0.01562 0.01953
0 0.38750 0.53125 0.01562 0.01953
0 0.39687 0.40625 0.01562 0.01953
0 0.42812 0.39648 0.01562 0.01953
0 0.45781 0.41211 0.01562 0.01953
0 0.45781 0.47852 0.01562 0.01953
0 0.41875 0.47266 0.01562 0.01953
0 0.42500 0.53125 0.01562 0.01953
0 0.42656 0.63477 0.01562 0.01953
0 0.40937 0.61133 0.01562 0.01953
0 0.47969 0.58398 0.01562 0.01953
0 0.51562 0.56445 0.01562 0.01953
0 0.49219 0.53125 0.01562 0.01953
0 0.45625 0.51953 0.01562 0.01953
0 0.50938 0.51367 0.01562 0.01953
0 0.54688 0.53906 0.01562 0.01953
0 0.57656 0.57031 0.01562 0.01953
0 0.60000 0.59766 0.01562 0.01953
0 0.57812 0.71094 0.01562 0.01953
0 0.48438 0.50195 0.01562 0.01953
0 0.48750 0.46875 0.01562 0.01953
0 0.43125 0.42188 0.01562 0.01953
0 0.50781 0.46680 0.01562 0.01953
0 0.53906 0.45703 0.01562 0.01953
0 0.53438 0.50977 0.01562 0.01953
0 0.53750 0.40039 0.01562 0.01953
0 0.60000 0.54102 0.01562 0.01953
0 0.57500 0.50977 0.01562 0.01953
0 0.55937 0.48047 0.01562 0.01953
0 0.59219 0.48242 0.01562 0.01953
0 0.56719 0.45508 0.01562 0.01953
0 0.56875 0.40430 0.01562 0.01953
0 0.62187 0.56250 0.01562 0.01953
0 0.65938 0.55273 0.01562 0.01953
0 0.59062 0.44336 0.01562 0.01953
0 0.60781 0.44531 0.01562 0.01953
0 0.63125 0.41016 0.01562 0.01953
0 0.63906 0.44336 0.01562 0.01953
0 0.65625 0.45508 0.01562 0.01953
0 0.63438 0.47656 0.01562 0.01953
0 0.64844 0.49805 0.01562 0.01953
0 0.61562 0.50391 0.01562 0.01953
0 0.69844 0.59180 0.01562 0.01953
0 0.69688 0.50000 0.01562 0.01953
0 0.70469 0.53906 0.01562 0.01953
0 0.73906 0.53125 0.01562 0.01953
0 0.75938 0.60352 0.01562 0.01953
0 0.91406 0.65234 0.01562 0.01953
0 0.91250 0.60352 0.01562 0.01953
0 0.77656 0.55469 0.01562 0.01953
0 0.76094 0.53320 0.01562 0.01953
0 0.80312 0.53320 0.01562 0.01953
0 0.76719 0.50586 0.01562 0.01953
0 0.73281 0.50391 0.01562 0.01953
0 0.75156 0.48438 0.01562 0.01953
0 0.73281 0.47070 0.01562 0.01953
0 0.69375 0.46289 0.01562 0.01953
0 0.69844 0.42969 0.01562 0.01953
0 0.75781 0.44922 0.01562 0.01953
0 0.73594 0.41211 0.01562 0.01953
0 0.81406 0.49414 0.01562 0.01953
0 0.86094 0.51953 0.01562 0.01953
0 0.84531 0.49609 0.01562 0.01953
0 0.89375 0.54297 0.01562 0.01953
0 0.92500 0.53320 0.01562 0.01953
0 0.97031 0.55273 0.01562 0.01953
0 0.90312 0.48242 0.01562 0.01953
0 0.93906 0.49219 0.01562 0.01953
0 0.97813 0.48242 0.01562 0.01953
0 0.93125 0.44922 0.01562 0.01953
0 0.86562 0.45312 0.01562 0.01953
0 0.84062 0.47070 0.01562 0.01953
0 0.82344 0.44141 0.01562 0.01953
0 0.79375 0.41211 0.01562 0.01953
0 0.83750 0.41602 0.01562 0.01953
0 0.86719 0.42188 0.01562 0.01953
0 0.90625 0.43359 0.01562 0.01953
0 0.88750 0.46094 0.01562 0.01953
0 0.95781 0.43164 0.01562 0.01953
0 0.99062 0.41992 0.01562 0.01953
0 0.97500 0.39844 0.01562 0.01953
0 0.93750 0.40234 0.01562 0.01953
0 0.89219 0.39453 0.01562 0.01953
0 0.88750 0.36328 0.01562 0.01953
0 0.92969 0.36133 0.01562 0.01953
0 0.95781 0.34180 0.01562 0.01953
0 0.95781 0.36914 0.01562 0.01953
0 0.99062 0.32617 0.01562 0.01953
0 0.94375 0.30859 0.01562 0.01953
0 0.96094 0.25781 0.01562 0.01953
0 0.94063 0.22461 0.01562 0.01953
0 0.92344 0.26172 0.01562 0.01953
0 0.89531 0.22266 0.01562 0.01953
0 0.91250 0.18555 0.01562 0.01953
0 0.92500 0.13867 0.01562 0.01953
0 0.92656 0.09766 0.01562 0.01953
0 0.93750 0.04492 0.01562 0.01953
0 0.96094 0.04688 0.01562 0.01953
0 0.96406 0.09961 0.01562 0.01953
0 0.96250 0.14062 0.01562 0.01953
0 0.97031 0.17969 0.01562 0.01953
0 0.98281 0.21680 0.01562 0.01953
0 0.98281 0.24414 0.01562 0.01953
0 0.98438 0.28125 0.01562 0.01953
0 0.97500 0.31250 0.01562 0.01953
0 0.98594 0.08789 0.01562 0.01953
0 0.87813 0.49609 0.01562 0.01953
0 0.79219 0.38086 0.01562 0.01953
