0 0.34063 0.64453 0.01562 0.01953
0 0.28437 0.57812 0.01562 0.01953
0 0.43594 0.65430 0.01562 0.01953
0 0.48438 0.58789 0.01562 0.01953
0 0.46406 0.52344 0.01562 0.01953
0 0.43594 0.53711 0.01562 0.01953
0 0.46094 0.48438 0.01562 0.01953
0 0.46875 0.45898 0.01562 0.01953
0 0.43281 0.43555 0.01562 0.01953
0 0.49062 0.44531 0.01562 0.01953
0 0.46406 0.42383 0.01562 0.01953
0 0.43594 0.40234 0.01562 0.01953
0 0.39531 0.41992 0.01562 0.01953
0 0.42969 0.48242 0.01562 0.01953
0 0.39375 0.54297 0.01562 0.01953
0 0.39844 0.51758 0.01562 0.01953
0 0.39687 0.49023 0.01562 0.01953
0 0.37031 0.55664 0.01562 0.01953
0 0.36875 0.59570 0.01562 0.01953
0 0.41406 0.61328 0.01562 0.01953
0 0.33594 0.54102 0.01562 0.01953
0 0.29531 0.53320 0.01562 0.01953
0 0.33281 0.48828 0.01562 0.01953
0 0.33437 0.45117 0.01562 0.01953
0 0.28125 0.50000 0.01562 0.01953
0 0.31250 0.48242 0.01562 0.01953
0 0.36562 0.41406 0.01562 0.01953
0 0.30312 0.44336 0.01562 0.01953
0 0.28437 0.42578 0.01562 0.01953
0 0.27031 0.46680 0.01562 0.01953
0 0.22969 0.49023 0.01562 0.01953
0 0.22187 0.43750 0.01562 0.01953
0 0.25000 0.40820 0.01562 0.01953
0 0.26719 0.39453 0.01562 0.01953
0 0.29688 0.36914 0.01562 0.01953
0 0.32969 0.40234 0.01562 0.01953
0 0.19531 0.44336 0.01562 0.01953
0 0.16094 0.41602 0.01562 0.01953
0 0.13437 0.39844 0.01562 0.01953
0 0.10156 0.42969 0.01562 0.01953
0 0.09062 0.38867 0.01562 0.01953
0 0.18438 0.38086 0.01562 0.01953
0 0.22031 0.35938 0.01562 0.01953
0 0.24375 0.37695 0.01562 0.01953
0 0.35000 0.36914 0.01562 0.01953
0 0.01250 0.39062 0.01562 0.01953
0 0.01250 0.42969 0.01562 0.01953
0 0.02656 0.36133 0.01562 0.01953
0 0.03750 0.42578 0.01562 0.01953
0 0.35625 0.52344 0.01562 0.01953
0 0.51719 0.57422 0.01562 0.01953
0 0.50000 0.53516 0.01562 0.01953
0 0.49219 0.51172 0.01562 0.01953
0 0.49688 0.47852 0.01562 0.01953
0 0.51719 0.46875 0.01562 0.01953
0 0.54219 0.46875 0.01562 0.01953
0 0.51719 0.52344 0.01562 0.01953
0 0.54688 0.54688 0.01562 0.01953
0 0.60469 0.54102 0.01562 0.01953
0 0.56719 0.54297 0.01562 0.01953
0 0.57656 0.58203 0.01562 0.01953
0 0.60469 0.59961 0.01562 0.01953
0 0.62969 0.57031 0.01562 0.01953
0 0.65938 0.56055 0.01562 0.01953
0 0.70937 0.60156 0.01562 0.01953
0 0.77031 0.60938 0.01562 0.01953
0 0.57344 0.51758 0.01562 0.01953
0 0.59219 0.52344 0.01562 0.01953
0 0.56563 0.48242 0.01562 0.01953
0 0.60156 0.49023 0.01562 0.01953
0 0.59375 0.44727 0.01562 0.01953
0 0.61562 0.46289 0.01562 0.01953
0 0.56719 0.44922 0.01562 0.01953
0 0.54844 0.41602 0.01562 0.01953
0 0.57656 0.41016 0.01562 0.01953
0 0.63594 0.42188 0.01562 0.01953
0 0.64062 0.44922 0.01562 0.01953
0 0.66563 0.46484 0.01562 0.01953
0 0.64062 0.49023 0.01562 0.01953
0 0.62187 0.52344 0.01562 0.01953
0 0.65938 0.50000 0.01562 0.01953
0 0.70000 0.51172 0.01562 0.01953
0 0.71406 0.54688 0.01562 0.01953
0 0.74062 0.54297 0.01562 0.01953
0 0.76875 0.54297 0.01562 0.01953
0 0.77969 0.56836 0.01562 0.01953
0 0.73125 0.50977 0.01562 0.01953
0 0.72188 0.48242 0.01562 0.01953
0 0.69531 0.46680 0.01562 0.01953
0 0.71875 0.43945 0.01562 0.01953
0 0.73594 0.42188 0.01562 0.01953
0 0.81719 0.49609 0.01562 0.01953
0 0.80312 0.53125 0.01562 0.01953
0 0.76562 0.50781 0.01562 0.01953
0 0.79375 0.49609 0.01562 0.01953
0 0.75625 0.48242 0.01562 0.01953
0 0.73750 0.46484 0.01562 0.01953
0 0.77500 0.42383 0.01562 0.01953
0 0.84062 0.50586 0.01562 0.01953
0 0.86406 0.52734 0.01562 0.01953
0 0.89687 0.54102 0.01562 0.01953
0 0.93125 0.53320 0.01562 0.01953
0 0.90156 0.65820 0.01562 0.01953
0 0.97656 0.54102 0.01562 0.01953
0 0.93594 0.49023 0.01562 0.01953
0 0.90469 0.49023 0.01562 0.01953
0 0.87969 0.49609 0.01562 0.01953
0 0.84062 0.48047 0.01562 0.01953
0 0.87031 0.47070 0.01562 0.01953
0 0.89375 0.46289 0.01562 0.01953
0 0.87031 0.43555 0.01562 0.01953
0 0.80312 0.40430 0.01562 0.01953
0 0.93750 0.45312 0.01562 0.01953
0 0.90781 0.43945 0.01562 0.01953
0 0.98594 0.49219 0.01562 0.01953
0 0.96406 0.43945 0.01562 0.01953
0 0.98906 0.42188 0.01562 0.01953
0 0.95000 0.40820 0.01562 0.01953
0 0.93125 0.40234 0.01562 0.01953
0 0.89531 0.40820 0.01562 0.01953
0 0.93437 0.34766 0.01562 0.01953
0 0.96250 0.37305 0.01562 0.01953
0 0.97969 0.40234 0.01562 0.01953
0 0.89687 0.36328 0.01562 0.01953
0 0.91094 0.30859 0.01562 0.01953
0 0.95312 0.31641 0.01562 0.01953
0 0.96719 0.34766 0.01562 0.01953
0 0.99062 0.34180 0.01562 0.01953
0 0.96250 0.26953 0.01562 0.01953
0 0.99531 0.29102 0.01562 0.01953
0 0.95000 0.23633 0.01562 0.01953
0 0.92188 0.26758 0.01562 0.01953
0 0.89687 0.22070 0.01562 0.01953
0 0.91406 0.18945 0.01562 0.01953
0 0.91875 0.14844 0.01562 0.01953
0 0.96875 0.14258 0.01562 0.01953
0 0.97969 0.18164 0.01562 0.01953
0 0.98594 0.21875 0.01562 0.01953
0 0.99062 0.25195 0.01562 0.01953
0 0.96562 0.10547 0.01562 0.01953
0 0.93594 0.10156 0.01562 0.01953
0 0.99219 0.09375 0.01562 0.01953
0 0.97500 0.06055 0.01562 0.01953
0 0.93125 0.06250 0.01562 0.01953
0 0.58594 0.72461 0.01562 0.01953
0 0.91563 0.61914 0.01562 0.01953
0 0.07812 0.36914 0.01562 0.01953
0 0.79688 0.38477 0.01562 0.01953
0 0.57656 0.46484 0.01562 0.01953
