0 0.01406 0.36328 0.01562 0.01953
0 0.01094 0.39648 0.01562 0.01953
0 0.00625 0.43555 0.01562 0.01953
0 0.04844 0.42969 0.01562 0.01953
0 0.07969 0.38086 0.01562 0.01953
0 0.10000 0.43945 0.01562 0.01953
0 0.12344 0.40820 0.01562 0.01953
0 0.15000 0.40234 0.01562 0.01953
0 0.18594 0.45117 0.01562 0.01953
0 0.22031 0.48633 0.01562 0.01953
0 0.21563 0.44727 0.01562 0.01953
0 0.20781 0.41602 0.01562 0.01953
0 0.18750 0.38867 0.01562 0.01953
0 0.22187 0.38281 0.01562 0.01953
0 0.24219 0.41211 0.01562 0.01953
0 0.25938 0.46289 0.01562 0.01953
0 0.28281 0.58203 0.01562 0.01953
0 0.28437 0.50195 0.01562 0.01953
0 0.27656 0.43555 0.01562 0.01953
0 0.30312 0.44141 0.01562 0.01953
0 0.31250 0.65625 0.01562 0.01953
0 0.30156 0.54297 0.01562 0.01953
0 0.33437 0.50000 0.01562 0.01953
0 0.30938 0.48438 0.01562 0.01953
0 0.33125 0.45703 0.01562 0.01953
0 0.28750 0.37109 0.01562 0.01953
0 0.26406 0.39648 0.01562 0.01953
0 0.32344 0.40430 0.01562 0.01953
0 0.33594 0.54297 0.01562 0.01953
0 0.37188 0.56055 0.01562 0.01953
0 0.36406 0.60352 0.01562 0.01953
0 0.42188 0.61719 0.01562 0.01953
0 0.43125 0.65625 0.01562 0.01953
0 0.47969 0.59766 0.01562 0.01953
0 0.42500 0.53320 0.01562 0.01953
0 0.38750 0.53516 0.01562 0.01953
0 0.47344 0.53125 0.01562 0.01953
0 0.42500 0.49023 0.01562 0.01953
0 0.39219 0.51172 0.01562 0.01953
0 0.38750 0.49023 0.01562 0.01953
0 0.37500 0.47266 0.01562 0.01953
0 0.35781 0.52539 0.01562 0.01953
0 0.36406 0.41602 0.01562 0.01953
0 0.35313 0.37109 0.01562 0.01953
0 0.40156 0.42773 0.01562 0.01953
0 0.43438 0.40820 0.01562 0.01953
0 0.43594 0.44531 0.01562 0.01953
0 0.44844 0.49219 0.01562 0.01953
0 0.48594 0.48828 0.01562 0.01953
0 0.48438 0.50977 0.01562 0.01953
0 0.49062 0.54297 0.01562 0.01953
0 0.50938 0.58008 0.01562 0.01953
0 0.45781 0.42188 0.01562 0.01953
0 0.46719 0.46875 0.01562 0.01953
0 0.48906 0.45117 0.01562 0.01953
0 0.50938 0.47656 0.01562 0.01953
0 0.53750 0.46875 0.01562 0.01953
0 0.53438 0.52539 0.01562 0.01953
0 0.51406 0.52734 0.01562 0.01953
0 0.54219 0.55078 0.01562 0.01953
0 0.57812 0.58398 0.01562 0.01953
0 0.60781 0.60352 0.01562 0.01953
0 0.55937 0.55078 0.01562 0.01953
0 0.56406 0.52344 0.01562 0.01953
0 0.58281 0.52539 0.01562 0.01953
0 0.59688 0.55078 0.01562 0.01953
0 0.62500 0.57617 0.01562 0.01953
0 0.62813 0.53125 0.01562 0.01953
0 0.60938 0.52344 0.01562 0.01953
0 0.59688 0.49609 0.01562 0.01953
0 0.57969 0.49805 0.01562 0.01953
0 0.56094 0.49609 0.01562 0.01953
0 0.56250 0.47070 0.01562 0.01953
0 0.53750 0.42383 0.01562 0.01953
0 0.63594 0.41992 0.01562 0.01953
0 0.59219 0.46289 0.01562 0.01953
0 0.60938 0.47266 0.01562 0.01953
0 0.63281 0.45312 0.01562 0.01953
0 0.63438 0.49609 0.01562 0.01953
0 0.66406 0.47656 0.01562 0.01953
0 0.65781 0.50977 0.01562 0.01953
0 0.65781 0.56445 0.01562 0.01953
0 0.70312 0.60547 0.01562 0.01953
0 0.88438 0.67773 0.01562 0.01953
0 0.76406 0.60938 0.01562 0.01953
0 0.77656 0.56836 0.01562 0.01953
0 0.76719 0.54297 0.01562 0.01953
0 0.73438 0.54883 0.01562 0.01953
0 0.71094 0.54297 0.01562 0.01953
0 0.68437 0.51172 0.01562 0.01953
0 0.69219 0.46875 0.01562 0.01953
0 0.69531 0.44336 0.01562 0.01953
0 0.71719 0.49023 0.01562 0.01953
0 0.73750 0.51172 0.01562 0.01953
0 0.77031 0.51562 0.01562 0.01953
0 0.75313 0.49023 0.01562 0.01953
0 0.73594 0.48242 0.01562 0.01953
0 0.71719 0.46875 0.01562 0.01953
0 0.73281 0.41797 0.01562 0.01953
0 0.75781 0.45703 0.01562 0.01953
0 0.77500 0.46680 0.01562 0.01953
0 0.78594 0.50000 0.01562 0.01953
0 0.80312 0.54492 0.01562 0.01953
0 0.85781 0.52930 0.01562 0.01953
0 0.81250 0.50391 0.01562 0.01953
0 0.84062 0.48047 0.01562 0.01953
0 0.84219 0.50977 0.01562 0.01953
0 0.87813 0.50586 0.01562 0.01953
0 0.89531 0.54688 0.01562 0.01953
0 0.93750 0.53906 0.01562 0.01953
0 0.96406 0.54883 0.01562 0.01953
0 0.97656 0.63672 0.01562 0.01953
0 0.98594 0.49414 0.01562 0.01953
0 0.93906 0.50000 0.01562 0.01953
0 0.90781 0.49609 0.01562 0.01953
0 0.93125 0.47070 0.01562 0.01953
0 0.95937 0.44336 0.01562 0.01953
0 0.98750 0.43164 0.01562 0.01953
0 0.96875 0.40430 0.01562 0.01953
0 0.94375 0.41406 0.01562 0.01953
0 0.92031 0.41602 0.01562 0.01953
0 0.91563 0.44531 0.01562 0.01953
0 0.89375 0.40625 0.01562 0.01953
0 0.86250 0.42969 0.01562 0.01953
0 0.78750 0.39062 0.01562 0.01953
0 0.79844 0.42578 0.01562 0.01953
0 0.81875 0.44727 0.01562 0.01953
0 0.87813 0.34570 0.01562 0.01953
0 0.94375 0.31836 0.01562 0.01953
0 0.91406 0.30273 0.01562 0.01953
0 0.92969 0.36133 0.01562 0.01953
0 0.95937 0.34961 0.01562 0.01953
0 0.96875 0.37891 0.01562 0.01953
0 0.99531 0.34180 0.01562 0.01953
0 0.97969 0.32422 0.01562 0.01953
0 0.98438 0.30078 0.01562 0.01953
0 0.95937 0.28125 0.01562 0.01953
0 0.91719 0.26758 0.01562 0.01953
0 0.94844 0.24219 0.01562 0.01953
0 0.88906 0.22656 0.01562 0.01953
0 0.91250 0.19531 0.01562 0.01953
0 0.99062 0.25391 0.01562 0.01953
0 0.98281 0.22266 0.01562 0.01953
0 0.97500 0.18750 0.01562 0.01953
0 0.96406 0.14453 0.01562 0.01953
0 0.92031 0.15820 0.01562 0.01953
0 0.96562 0.11328 0.01562 0.01953
0 0.92500 0.10547 0.01562 0.01953
0 0.92812 0.06641 0.01562 0.01953
0 0.96875 0.06641 0.01562 0.01953
0 0.98906 0.11328 0.01562 0.01953
0 0.99453 0.16016 0.00156 0.00000
0 0.92344 0.03125 0.01562 0.01953
0 0.97969 0.03906 0.01562 0.01953
0 0.15937 0.37305 0.01562 0.01953
0 0.57812 0.72852 0.01562 0.01953
0 0.44844 0.02539 0.01562 0.01953
