0 0.57500 0.73242 0.01562 0.01953
0 0.70312 0.61133 0.01562 0.01953
0 0.97813 0.66797 0.01562 0.01953
0 0.94219 0.63672 0.01562 0.01953
0 0.75781 0.62305 0.01562 0.01953
0 0.77031 0.57227 0.01562 0.01953
0 0.79844 0.55664 0.01562 0.01953
0 0.76250 0.54883 0.01562 0.01953
0 0.73438 0.55273 0.01562 0.01953
0 0.70937 0.54883 0.01562 0.01953
0 0.72969 0.51953 0.01562 0.01953
0 0.75938 0.51758 0.01562 0.01953
0 0.97109 0.56250 0.00156 0.00000
0 0.98438 0.54297 0.01562 0.01953
0 0.93125 0.55078 0.01562 0.01953
0 0.88906 0.55664 0.01562 0.01953
0 0.85469 0.53516 0.01562 0.01953
0 0.84062 0.51953 0.01562 0.01953
0 0.80781 0.51172 0.01562 0.01953
0 0.79063 0.49805 0.01562 0.01953
0 0.83281 0.49023 0.01562 0.01953
0 0.87500 0.50977 0.01562 0.01953
0 0.89844 0.50000 0.01562 0.01953
0 0.92969 0.50586 0.01562 0.01953
0 0.98125 0.49609 0.01562 0.01953
0 0.92656 0.47070 0.01562 0.01953
0 0.96250 0.44336 0.01562 0.01953
0 0.98594 0.43945 0.01562 0.01953
0 0.96719 0.41211 0.01562 0.01953
0 0.95937 0.37500 0.01562 0.01953
0 0.99062 0.34570 0.01562 0.01953
0 0.97031 0.32422 0.01562 0.01953
0 0.95312 0.35742 0.01562 0.01953
0 0.93125 0.37500 0.01562 0.01953
0 0.90938 0.39062 0.01562 0.01953
0 0.91875 0.41797 0.01562 0.01953
0 0.93594 0.42188 0.01562 0.01953
0 0.90625 0.45898 0.01562 0.01953
0 0.88594 0.41602 0.01562 0.01953
0 0.88906 0.37500 0.01562 0.01953
0 0.93594 0.32617 0.01562 0.01953
0 0.87813 0.34180 0.01562 0.01953
0 0.88906 0.24023 0.01562 0.01953
0 0.93750 0.24805 0.01562 0.01953
0 0.90938 0.31445 0.01562 0.01953
0 0.97031 0.19141 0.01562 0.01953
0 0.96094 0.15625 0.01562 0.01953
0 0.95781 0.11719 0.01562 0.01953
0 0.92500 0.11328 0.01562 0.01953
0 0.91563 0.15039 0.01562 0.01953
0 0.91094 0.19336 0.01562 0.01953
0 0.96094 0.07227 0.01562 0.01953
0 0.92969 0.07422 0.01562 0.01953
0 0.91875 0.03125 0.01562 0.01953
0 0.95312 0.02734 0.01562 0.01953
0 0.99062 0.08984 0.01562 0.01953
0 0.98125 0.10938 0.01562 0.01953
0 0.99062 0.16797 0.01562 0.01953
0 0.85781 0.44141 0.01562 0.01953
0 0.86250 0.47070 0.01562 0.01953
0 0.78438 0.39258 0.01562 0.01953
0 0.79844 0.43555 0.01562 0.01953
0 0.82188 0.43359 0.01562 0.01953
0 0.72656 0.42383 0.01562 0.01953
0 0.75938 0.46094 0.01562 0.01953
0 0.76719 0.43555 0.01562 0.01953
0 0.69531 0.44141 0.01562 0.01953
0 0.69375 0.47852 0.01562 0.01953
0 0.71094 0.45703 0.01562 0.01953
0 0.71094 0.49414 0.01562 0.01953
0 0.68437 0.51758 0.01562 0.01953
0 0.65625 0.46484 0.01562 0.01953
0 0.66250 0.50391 0.01562 0.01953
0 0.64844 0.57031 0.01562 0.01953
0 0.63125 0.49609 0.01562 0.01953
0 0.62187 0.53516 0.01562 0.01953
0 0.62500 0.57812 0.01562 0.01953
0 0.60000 0.61328 0.01562 0.01953
0 0.56563 0.58984 0.01562 0.01953
0 0.59219 0.55078 0.01562 0.01953
0 0.59688 0.52539 0.01562 0.01953
0 0.61875 0.40820 0.01562 0.01953
0 0.63594 0.45312 0.01562 0.01953
0 0.47656 0.60156 0.01562 0.01953
0 0.50781 0.57617 0.01562 0.01953
0 0.53750 0.55859 0.01562 0.01953
0 0.56250 0.55664 0.01562 0.01953
0 0.57031 0.53125 0.01562 0.01953
0 0.58750 0.49805 0.01562 0.01953
0 0.55781 0.48828 0.01562 0.01953
0 0.59219 0.45508 0.01562 0.01953
0 0.57188 0.44922 0.01562 0.01953
0 0.53281 0.41602 0.01562 0.01953
0 0.56719 0.41602 0.01562 0.01953
0 0.50938 0.48242 0.01562 0.01953
0 0.53906 0.47266 0.01562 0.01953
0 0.53438 0.52539 0.01562 0.01953
0 0.51562 0.53906 0.01562 0.01953
0 0.47969 0.51758 0.01562 0.01953
0 0.48125 0.48828 0.01562 0.01953
0 0.47656 0.45508 0.01562 0.01953
0 0.44219 0.49805 0.01562 0.01953
0 0.45625 0.53711 0.01562 0.01953
0 0.42500 0.65820 0.01562 0.01953
0 0.42031 0.61719 0.01562 0.01953
0 0.91719 0.28125 0.01562 0.01953
0 0.42031 0.54688 0.01562 0.01953
0 0.36562 0.56641 0.01562 0.01953
0 0.35625 0.61719 0.01562 0.01953
0 0.29844 0.65234 0.01562 0.01953
0 0.32969 0.54297 0.01562 0.01953
0 0.29531 0.54297 0.01562 0.01953
0 0.35469 0.53711 0.01562 0.01953
0 0.38750 0.52539 0.01562 0.01953
0 0.37812 0.49023 0.01562 0.01953
0 0.33437 0.50000 0.01562 0.01953
0 0.30625 0.48633 0.01562 0.01953
0 0.27031 0.51367 0.01562 0.01953
0 0.22500 0.50391 0.01562 0.01953
0 0.27031 0.47852 0.01562 0.01953
0 0.24688 0.46875 0.01562 0.01953
0 0.33125 0.46484 0.01562 0.01953
0 0.27344 0.44336 0.01562 0.01953
0 0.29844 0.44336 0.01562 0.01953
0 0.42500 0.44336 0.01562 0.01953
0 0.45937 0.42969 0.01562 0.01953
0 0.42969 0.40430 0.01562 0.01953
0 0.39844 0.43359 0.01562 0.01953
0 0.32031 0.41992 0.01562 0.01953
0 0.18281 0.45703 0.01562 0.01953
0 0.21406 0.44922 0.01562 0.01953
0 0.23594 0.41211 0.01562 0.01953
0 0.28125 0.39062 0.01562 0.01953
0 0.21563 0.38281 0.01562 0.01953
0 0.25938 0.38867 0.01562 0.01953
0 0.15625 0.37891 0.01562 0.01953
0 0.15156 0.42969 0.01562 0.01953
0 0.11719 0.41602 0.01562 0.01953
0 0.01562 0.36133 0.01562 0.01953
0 0.00937 0.40039 0.01562 0.01953
0 0.07187 0.38867 0.01562 0.01953
0 0.09062 0.42383 0.01562 0.01953
0 0.04531 0.43750 0.01562 0.01953
0 0.00781 0.44141 0.01562 0.01953
0 0.44531 0.02539 0.01562 0.01953
0 0.35000 0.38281 0.01562 0.01953
0 0.17813 0.39062 0.01562 0.01953
0 0.36094 0.41602 0.01562 0.01953
