0 0.24688 0.62305 0.01562 0.01953
0 0.22500 0.58789 0.01562 0.01953
0 0.22812 0.54297 0.01562 0.01953
0 0.18281 0.55859 0.01562 0.01953
0 0.14375 0.57227 0.01562 0.01953
0 0.13281 0.50391 0.01562 0.01953
0 0.19844 0.43555 0.01562 0.01953
0 0.15781 0.41406 0.01562 0.01953
0 0.11875 0.41602 0.01562 0.01953
0 0.04375 0.45117 0.01562 0.01953
0 0.02187 0.43164 0.01562 0.01953
0 0.05312 0.38281 0.01562 0.01953
0 0.00937 0.36914 0.01562 0.01953
0 0.02344 0.26172 0.01562 0.01953
0 0.04844 0.23047 0.01562 0.01953
0 0.07187 0.26367 0.01562 0.01953
0 0.07344 0.29492 0.01562 0.01953
0 0.11406 0.30273 0.01562 0.01953
0 0.11094 0.33594 0.01562 0.01953
0 0.13594 0.35547 0.01562 0.01953
0 0.17188 0.34766 0.01562 0.01953
0 0.20000 0.33594 0.01562 0.01953
0 0.21563 0.36133 0.01562 0.01953
0 0.22656 0.38672 0.01562 0.01953
0 0.25469 0.40625 0.01562 0.01953
0 0.28750 0.44922 0.01562 0.01953
0 0.35156 0.44922 0.01562 0.01953
0 0.32969 0.44141 0.01562 0.01953
0 0.12656 0.25586 0.01562 0.01953
0 0.12500 0.19727 0.01562 0.01953
0 0.11875 0.15820 0.01562 0.01953
0 0.12500 0.12305 0.01562 0.01953
0 0.10938 0.08789 0.01562 0.01953
0 0.11250 0.05469 0.01562 0.01953
0 0.26562 0.35352 0.01562 0.01953
0 0.05937 0.11719 0.01562 0.01953
0 0.05312 0.14844 0.01562 0.01953
0 0.02500 0.12695 0.01562 0.01953
0 0.05312 0.06250 0.01562 0.01953
0 0.04219 0.02344 0.01562 0.01953
0 0.06719 0.01953 0.01562 0.01953
0 0.09219 0.01758 0.01562 0.01953
0 0.11719 0.01758 0.01562 0.01953
0 0.30156 0.36914 0.01562 0.01953
0 0.34219 0.40625 0.01562 0.01953
0 0.29375 0.40625 0.01562 0.01953
0 0.40937 0.45117 0.01562 0.01953
0 0.39687 0.40625 0.01562 0.01953
0 0.43125 0.42383 0.01562 0.01953
0 0.45156 0.39062 0.01562 0.01953
0 0.45781 0.44141 0.01562 0.01953
0 0.49062 0.45703 0.01562 0.01953
0 0.53438 0.50977 0.01562 0.01953
0 0.51719 0.45508 0.01562 0.01953
0 0.50938 0.41797 0.01562 0.01953
0 0.48906 0.39844 0.01562 0.01953
0 0.54063 0.42188 0.01562 0.01953
0 0.57656 0.45117 0.01562 0.01953
0 0.56094 0.47266 0.01562 0.01953
0 0.58906 0.50977 0.01562 0.01953
0 0.59688 0.54688 0.01562 0.01953
0 0.64375 0.50977 0.01562 0.01953
0 0.61875 0.49609 0.01562 0.01953
0 0.63438 0.47070 0.01562 0.01953
0 0.60313 0.46289 0.01562 0.01953
0 0.51719 0.38867 0.01562 0.01953
0 0.56563 0.39648 0.01562 0.01953
0 0.60313 0.37891 0.01562 0.01953
0 0.63125 0.41602 0.01562 0.01953
0 0.65156 0.39062 0.01562 0.01953
0 0.64844 0.56055 0.01562 0.01953
0 0.66563 0.62109 0.01562 0.01953
0 0.72500 0.62109 0.01562 0.01953
0 0.78750 0.60352 0.01562 0.01953
0 0.81563 0.58398 0.01562 0.01953
0 0.89219 0.59766 0.01562 0.01953
0 0.90938 0.61719 0.01562 0.01953
0 0.92656 0.57812 0.01562 0.01953
0 0.95937 0.57227 0.01562 0.01953
0 0.72813 0.55078 0.01562 0.01953
0 0.76875 0.54297 0.01562 0.01953
0 0.69531 0.52930 0.01562 0.01953
0 0.67969 0.50586 0.01562 0.01953
0 0.66250 0.53320 0.01562 0.01953
0 0.67500 0.57812 0.01562 0.01953
0 0.75938 0.51172 0.01562 0.01953
0 0.79063 0.55273 0.01562 0.01953
0 0.82031 0.54492 0.01562 0.01953
0 0.85156 0.56445 0.01562 0.01953
0 0.87187 0.55664 0.01562 0.01953
0 0.85313 0.53125 0.01562 0.01953
0 0.67344 0.42773 0.01562 0.01953
0 0.69844 0.42578 0.01562 0.01953
0 0.73281 0.40234 0.01562 0.01953
0 0.73750 0.44922 0.01562 0.01953
0 0.76406 0.42969 0.01562 0.01953
0 0.77031 0.47656 0.01562 0.01953
0 0.80156 0.45703 0.01562 0.01953
0 0.79688 0.49219 0.01562 0.01953
0 0.79688 0.53125 0.01562 0.01953
0 0.84688 0.48828 0.01562 0.01953
0 0.82031 0.49219 0.01562 0.01953
0 0.87344 0.50391 0.01562 0.01953
0 0.90156 0.51172 0.01562 0.01953
0 0.91563 0.52930 0.01562 0.01953
0 0.93906 0.54297 0.01562 0.01953
0 0.88125 0.53320 0.01562 0.01953
0 0.91094 0.55469 0.01562 0.01953
0 0.96406 0.51758 0.01562 0.01953
0 0.94375 0.50977 0.01562 0.01953
0 0.97344 0.48242 0.01562 0.01953
0 0.93906 0.46094 0.01562 0.01953
0 0.84531 0.43555 0.01562 0.01953
0 0.87187 0.43164 0.01562 0.01953
0 0.89375 0.46680 0.01562 0.01953
0 0.90938 0.42188 0.01562 0.01953
0 0.94219 0.42969 0.01562 0.01953
0 0.98281 0.44141 0.01562 0.01953
0 0.48125 0.63086 0.01562 0.01953
0 0.07969 0.21289 0.01562 0.01953
0 0.04219 0.18555 0.01562 0.01953
0 0.89219 0.73828 0.01562 0.01953
0 0.74531 0.66602 0.01562 0.01953
0 0.37656 0.39453 0.01562 0.01953
