0 0.79531 0.46484 0.01562 0.01953
0 0.93125 0.42969 0.01562 0.01953
0 0.90156 0.42578 0.01562 0.01953
0 0.92656 0.45898 0.01562 0.01953
0 0.95937 0.48438 0.01562 0.01953
0 0.98281 0.48242 0.01562 0.01953
0 0.98594 0.44336 0.01562 0.01953
0 0.99062 0.52148 0.01562 0.01953
0 0.95781 0.51758 0.01562 0.01953
0 0.93125 0.49609 0.01562 0.01953
0 0.92500 0.53711 0.01562 0.01953
0 0.95625 0.57812 0.01562 0.01953
0 0.92656 0.58594 0.01562 0.01953
0 0.89375 0.61523 0.01562 0.01953
0 0.87656 0.59180 0.01562 0.01953
0 0.89844 0.55859 0.01562 0.01953
0 0.85625 0.41992 0.01562 0.01953
0 0.83906 0.43359 0.01562 0.01953
0 0.90000 0.46289 0.01562 0.01953
0 0.88906 0.50586 0.01562 0.01953
0 0.87813 0.53125 0.01562 0.01953
0 0.85625 0.50391 0.01562 0.01953
0 0.84531 0.48633 0.01562 0.01953
0 0.80469 0.48438 0.01562 0.01953
0 0.83594 0.53320 0.01562 0.01953
0 0.84375 0.55859 0.01562 0.01953
0 0.81250 0.58398 0.01562 0.01953
0 0.77031 0.61719 0.01562 0.01953
0 0.78125 0.55469 0.01562 0.01953
0 0.81250 0.53711 0.01562 0.01953
0 0.78438 0.51758 0.01562 0.01953
0 0.78125 0.49609 0.01562 0.01953
0 0.76875 0.47070 0.01562 0.01953
0 0.75156 0.50391 0.01562 0.01953
0 0.75781 0.53516 0.01562 0.01953
0 0.71562 0.62500 0.01562 0.01953
0 0.65625 0.62695 0.01562 0.01953
0 0.71719 0.55078 0.01562 0.01953
0 0.71562 0.49219 0.01562 0.01953
0 0.73438 0.45703 0.01562 0.01953
0 0.75469 0.43555 0.01562 0.01953
0 0.72813 0.41211 0.01562 0.01953
0 0.86562 0.47656 0.01562 0.01953
0 0.90469 0.52734 0.01562 0.01953
0 0.86406 0.56250 0.01562 0.01953
0 0.72813 0.67383 0.01562 0.01953
0 0.87813 0.73828 0.01562 0.01953
0 0.67344 0.57031 0.01562 0.01953
0 0.69219 0.56445 0.01562 0.01953
0 0.68750 0.53516 0.01562 0.01953
0 0.67812 0.50391 0.01562 0.01953
0 0.65938 0.42188 0.01562 0.01953
0 0.69688 0.44336 0.01562 0.01953
0 0.62813 0.50977 0.01562 0.01953
0 0.65156 0.53516 0.01562 0.01953
0 0.63125 0.56055 0.01562 0.01953
0 0.59062 0.55469 0.01562 0.01953
0 0.57812 0.51172 0.01562 0.01953
0 0.60781 0.50000 0.01562 0.01953
0 0.58750 0.45703 0.01562 0.01953
0 0.62813 0.47266 0.01562 0.01953
0 0.57031 0.44531 0.01562 0.01953
0 0.56094 0.48633 0.01562 0.01953
0 0.52500 0.50195 0.01562 0.01953
0 0.46406 0.62109 0.01562 0.01953
0 0.47500 0.46289 0.01562 0.01953
0 0.50938 0.45898 0.01562 0.01953
0 0.49844 0.42188 0.01562 0.01953
0 0.63750 0.38477 0.01562 0.01953
0 0.58750 0.38867 0.01562 0.01953
0 0.57344 0.38672 0.01562 0.01953
0 0.53594 0.41016 0.01562 0.01953
0 0.47187 0.39844 0.01562 0.01953
0 0.51094 0.39258 0.01562 0.01953
0 0.44844 0.43750 0.01562 0.01953
0 0.44375 0.39453 0.01562 0.01953
0 0.41406 0.42383 0.01562 0.01953
0 0.40000 0.45508 0.01562 0.01953
0 0.38281 0.41797 0.01562 0.01953
0 0.34844 0.44922 0.01562 0.01953
0 0.32344 0.44531 0.01562 0.01953
0 0.36719 0.40234 0.01562 0.01953
0 0.29063 0.45312 0.01562 0.01953
0 0.26875 0.44531 0.01562 0.01953
0 0.28906 0.40820 0.01562 0.01953
0 0.28594 0.37305 0.01562 0.01953
0 0.24688 0.34766 0.01562 0.01953
0 0.23750 0.40234 0.01562 0.01953
0 0.26406 0.40234 0.01562 0.01953
0 0.55937 0.39648 0.01562 0.01953
0 0.18906 0.43359 0.01562 0.01953
0 0.22656 0.62891 0.01562 0.01953
0 0.21563 0.59180 0.01562 0.01953
0 0.22031 0.55664 0.01562 0.01953
0 0.17500 0.55078 0.01562 0.01953
0 0.13594 0.56445 0.01562 0.01953
0 0.12031 0.49805 0.01562 0.01953
0 0.15000 0.42188 0.01562 0.01953
0 0.15625 0.33789 0.01562 0.01953
0 0.17969 0.33984 0.01562 0.01953
0 0.20469 0.36133 0.01562 0.01953
0 0.11094 0.42188 0.01562 0.01953
0 0.06406 0.40039 0.01562 0.01953
0 0.02500 0.36719 0.01562 0.01953
0 0.11875 0.35742 0.01562 0.01953
0 0.10000 0.31250 0.01562 0.01953
0 0.11406 0.25391 0.01562 0.01953
0 0.11563 0.20117 0.01562 0.01953
0 0.12031 0.15820 0.01562 0.01953
0 0.12500 0.11914 0.01562 0.01953
0 0.06250 0.29492 0.01562 0.01953
0 0.05937 0.26367 0.01562 0.01953
0 0.01562 0.26172 0.01562 0.01953
0 0.04063 0.23828 0.01562 0.01953
0 0.06563 0.22461 0.01562 0.01953
0 0.03125 0.18750 0.01562 0.01953
0 0.06094 0.16602 0.01562 0.01953
0 0.07656 0.12500 0.01562 0.01953
0 0.05000 0.12695 0.01562 0.01953
0 0.01719 0.15234 0.01562 0.01953
0 0.10312 0.10156 0.01562 0.01953
0 0.12266 0.06738 0.00156 0.00195
0 0.12344 0.01758 0.01562 0.01953
0 0.10156 0.01953 0.01562 0.01953
0 0.06406 0.01758 0.01562 0.01953
0 0.03438 0.02148 0.01562 0.01953
0 0.05469 0.06836 0.01562 0.01953
0 0.02656 0.10156 0.01562 0.01953
0 0.08125 0.04102 0.01562 0.01953
0 0.71719 0.03711 0.01562 0.01953
0 0.61719 0.41797 0.01562 0.01953
