0 0.10781 0.01758 0.01562 0.01953
0 0.13281 0.08594 0.01562 0.01953
0 0.16094 0.13281 0.01562 0.01953
0 0.20469 0.25977 0.01562 0.01953
0 0.18750 0.28906 0.01562 0.01953
0 0.17500 0.33984 0.01562 0.01953
0 0.19375 0.37500 0.01562 0.01953
0 0.22656 0.34766 0.01562 0.01953
0 0.27969 0.34766 0.01562 0.01953
0 0.31406 0.35938 0.01562 0.01953
0 0.27969 0.31055 0.01562 0.01953
0 0.23906 0.24219 0.01562 0.01953
0 0.36719 0.42969 0.01562 0.01953
0 0.27031 0.42188 0.01562 0.01953
0 0.24531 0.41602 0.01562 0.01953
0 0.35625 0.49023 0.01562 0.01953
0 0.25781 0.50391 0.01562 0.01953
0 0.20781 0.49609 0.01562 0.01953
0 0.47500 0.48438 0.01562 0.01953
0 0.49688 0.62891 0.01562 0.01953
0 0.54375 0.57812 0.01562 0.01953
0 0.58594 0.57617 0.01562 0.01953
0 0.61875 0.56641 0.01562 0.01953
0 0.63281 0.60938 0.01562 0.01953
0 0.65156 0.64453 0.01562 0.01953
0 0.86406 0.60742 0.01562 0.01953
0 0.51250 0.43555 0.01562 0.01953
0 0.55937 0.43555 0.01562 0.01953
0 0.59844 0.44336 0.01562 0.01953
0 0.62656 0.47656 0.01562 0.01953
0 0.67344 0.47656 0.01562 0.01953
0 0.93750 0.53125 0.01562 0.01953
0 0.98594 0.53125 0.01562 0.01953
0 0.95469 0.49023 0.01562 0.01953
0 0.92031 0.46484 0.01562 0.01953
0 0.89062 0.47852 0.01562 0.01953
0 0.88281 0.41406 0.01562 0.01953
0 0.86094 0.45312 0.01562 0.01953
0 0.82969 0.44141 0.01562 0.01953
0 0.80469 0.47070 0.01562 0.01953
0 0.85156 0.40234 0.01562 0.01953
0 0.79688 0.43164 0.01562 0.01953
0 0.97813 0.46094 0.01562 0.01953
0 0.94531 0.43359 0.01562 0.01953
0 0.92500 0.41211 0.01562 0.01953
0 0.95937 0.40820 0.01562 0.01953
0 0.98438 0.42188 0.01562 0.01953
0 0.98438 0.38867 0.01562 0.01953
0 0.77187 0.41797 0.01562 0.01953
0 0.64687 0.42578 0.01562 0.01953
0 0.66563 0.41211 0.01562 0.01953
0 0.72656 0.44727 0.01562 0.01953
0 0.72188 0.48828 0.01562 0.01953
0 0.75625 0.46289 0.01562 0.01953
0 0.71406 0.38867 0.01562 0.01953
0 0.66719 0.37305 0.01562 0.01953
0 0.64375 0.35742 0.01562 0.01953
0 0.62500 0.40039 0.01562 0.01953
0 0.61719 0.37500 0.01562 0.01953
0 0.59688 0.36328 0.01562 0.01953
0 0.56250 0.36133 0.01562 0.01953
0 0.53594 0.36914 0.01562 0.01953
0 0.51094 0.31250 0.01562 0.01953
0 0.47187 0.30859 0.01562 0.01953
0 0.51094 0.27344 0.01562 0.01953
0 0.47344 0.27734 0.01562 0.01953
0 0.45000 0.25586 0.01562 0.01953
0 0.42344 0.26172 0.01562 0.01953
0 0.50781 0.22070 0.01562 0.01953
0 0.43750 0.20508 0.01562 0.01953
0 0.46719 0.16992 0.01562 0.01953
0 0.52031 0.16602 0.01562 0.01953
0 0.50313 0.14062 0.01562 0.01953
0 0.47031 0.13672 0.01562 0.01953
0 0.44219 0.12109 0.01562 0.01953
0 0.49531 0.11133 0.01562 0.01953
0 0.51406 0.08008 0.01562 0.01953
0 0.44219 0.07422 0.01562 0.01953
0 0.45000 0.05469 0.01562 0.01953
0 0.39687 0.09766 0.01562 0.01953
0 0.38750 0.04492 0.01562 0.01953
0 0.36875 0.19727 0.01562 0.01953
0 0.34531 0.19922 0.01562 0.01953
0 0.26875 0.13867 0.01562 0.01953
0 0.47344 0.05078 0.01562 0.01953
0 0.50781 0.04297 0.01562 0.01953
0 0.43594 0.00977 0.01562 0.01953
0 0.33437 0.01953 0.01562 0.01953
0 0.13906 0.49219 0.01562 0.01953
0 0.50781 0.36133 0.01562 0.01953
