0 0.86250 0.60352 0.01562 0.01953
0 0.65156 0.64062 0.01562 0.01953
0 0.49219 0.64453 0.01562 0.01953
0 0.62344 0.61328 0.01562 0.01953
0 0.61875 0.57031 0.01562 0.01953
0 0.58594 0.56445 0.01562 0.01953
0 0.54844 0.58398 0.01562 0.01953
0 0.47813 0.51562 0.01562 0.01953
0 0.53281 0.51953 0.01562 0.01953
0 0.25625 0.49219 0.01562 0.01953
0 0.20469 0.49414 0.01562 0.01953
0 0.26875 0.42578 0.01562 0.01953
0 0.24219 0.41602 0.01562 0.01953
0 0.27969 0.35352 0.01562 0.01953
0 0.31250 0.34961 0.01562 0.01953
0 0.27500 0.30859 0.01562 0.01953
0 0.24531 0.24023 0.01562 0.01953
0 0.18906 0.25000 0.01562 0.01953
0 0.18125 0.28906 0.01562 0.01953
0 0.17500 0.33398 0.01562 0.01953
0 0.19844 0.35547 0.01562 0.01953
0 0.22500 0.33984 0.01562 0.01953
0 0.12500 0.08594 0.01562 0.01953
0 0.15313 0.12695 0.01562 0.01953
0 0.25781 0.10938 0.01562 0.01953
0 0.51094 0.42969 0.01562 0.01953
0 0.56250 0.43164 0.01562 0.01953
0 0.59688 0.44727 0.01562 0.01953
0 0.62656 0.47656 0.01562 0.01953
0 0.67812 0.46875 0.01562 0.01953
0 0.71250 0.47070 0.01562 0.01953
0 0.75938 0.46484 0.01562 0.01953
0 0.80312 0.46875 0.01562 0.01953
0 0.78906 0.42969 0.01562 0.01953
0 0.77031 0.41211 0.01562 0.01953
0 0.65781 0.40625 0.01562 0.01953
0 0.70781 0.42969 0.01562 0.01953
0 0.73438 0.44336 0.01562 0.01953
0 0.62969 0.40234 0.01562 0.01953
0 0.66250 0.37695 0.01562 0.01953
0 0.84531 0.40820 0.01562 0.01953
0 0.82656 0.44336 0.01562 0.01953
0 0.86094 0.45508 0.01562 0.01953
0 0.88750 0.47656 0.01562 0.01953
0 0.93125 0.52539 0.01562 0.01953
0 0.95312 0.49023 0.01562 0.01953
0 0.92031 0.46875 0.01562 0.01953
0 0.90938 0.44336 0.01562 0.01953
0 0.88750 0.41602 0.01562 0.01953
0 0.92031 0.41992 0.01562 0.01953
0 0.94063 0.43945 0.01562 0.01953
0 0.96875 0.45703 0.01562 0.01953
0 0.97500 0.49609 0.01562 0.01953
0 0.97813 0.52539 0.01562 0.01953
0 0.99219 0.42188 0.01562 0.01953
0 0.95312 0.40820 0.01562 0.01953
0 0.97969 0.38867 0.01562 0.01953
0 0.71094 0.39258 0.01562 0.01953
0 0.58750 0.35352 0.01562 0.01953
0 0.60781 0.36914 0.01562 0.01953
0 0.64062 0.36719 0.01562 0.01953
0 0.56563 0.36719 0.01562 0.01953
0 0.53594 0.38281 0.01562 0.01953
0 0.50625 0.36914 0.01562 0.01953
0 0.50625 0.32031 0.01562 0.01953
0 0.47344 0.31641 0.01562 0.01953
0 0.47031 0.28125 0.01562 0.01953
0 0.50156 0.26562 0.01562 0.01953
0 0.50938 0.22070 0.01562 0.01953
0 0.47031 0.23242 0.01562 0.01953
0 0.44219 0.25586 0.01562 0.01953
0 0.41406 0.24805 0.01562 0.01953
0 0.51250 0.16797 0.01562 0.01953
0 0.50781 0.13867 0.01562 0.01953
0 0.50625 0.11328 0.01562 0.01953
0 0.51250 0.08203 0.01562 0.01953
0 0.46094 0.17578 0.01562 0.01953
0 0.46563 0.14062 0.01562 0.01953
0 0.43750 0.11914 0.01562 0.01953
0 0.44062 0.07031 0.01562 0.01953
0 0.44688 0.03906 0.01562 0.01953
0 0.47500 0.03320 0.01562 0.01953
0 0.40156 0.09375 0.01562 0.01953
0 0.38750 0.06055 0.01562 0.01953
0 0.40937 0.17969 0.01562 0.01953
0 0.43594 0.20312 0.01562 0.01953
0 0.36562 0.19336 0.01562 0.01953
0 0.33437 0.20312 0.01562 0.01953
0 0.09219 0.05078 0.01562 0.01953
0 0.36094 0.41602 0.01562 0.01953
0 0.35156 0.48242 0.01562 0.01953
0 0.28906 0.48438 0.01562 0.01953
0 0.33125 0.01172 0.01562 0.01953
0 0.14062 0.48438 0.01562 0.01953
