0 0.50000 0.57812 0.01562 0.01953
0 0.52812 0.53906 0.01562 0.01953
0 0.55469 0.50977 0.01562 0.01953
0 0.57656 0.53125 0.01562 0.01953
0 0.61406 0.54688 0.01562 0.01953
0 0.46875 0.55469 0.01562 0.01953
0 0.45312 0.63281 0.01562 0.01953
0 0.52812 0.67773 0.01562 0.01953
0 0.75938 0.34766 0.01562 0.01953
0 0.12344 0.69922 0.01562 0.01953
0 0.08594 0.68555 0.01562 0.01953
0 0.07187 0.64844 0.01562 0.01953
0 0.06406 0.59961 0.01562 0.01953
0 0.09375 0.57031 0.01562 0.01953
0 0.15156 0.57031 0.01562 0.01953
0 0.19687 0.59375 0.01562 0.01953
0 0.18750 0.61133 0.01562 0.01953
0 0.20781 0.68555 0.01562 0.01953
0 0.18281 0.69336 0.01562 0.01953
0 0.19687 0.78711 0.01562 0.01953
0 0.22344 0.73828 0.01562 0.01953
0 0.25000 0.74609 0.01562 0.01953
0 0.12500 0.88672 0.01562 0.01953
0 0.26875 0.58789 0.01562 0.01953
0 0.40469 0.49414 0.01562 0.01953
0 0.43594 0.44922 0.01562 0.01953
0 0.47344 0.43555 0.01562 0.01953
0 0.50938 0.42969 0.01562 0.01953
0 0.54844 0.38477 0.01562 0.01953
0 0.50313 0.35156 0.01562 0.01953
0 0.49531 0.37891 0.01562 0.01953
0 0.40156 0.39648 0.01562 0.01953
0 0.42344 0.37500 0.01562 0.01953
0 0.48906 0.32812 0.01562 0.01953
0 0.47344 0.33398 0.01562 0.01953
0 0.44688 0.36328 0.01562 0.01953
0 0.60625 0.32227 0.01562 0.01953
0 0.57969 0.34180 0.01562 0.01953
0 0.59219 0.27539 0.01562 0.01953
0 0.61562 0.26367 0.01562 0.01953
0 0.63438 0.28516 0.01562 0.01953
0 0.64687 0.24609 0.01562 0.01953
0 0.67500 0.23047 0.01562 0.01953
0 0.65156 0.21094 0.01562 0.01953
0 0.68281 0.17578 0.01562 0.01953
0 0.70781 0.18359 0.01562 0.01953
0 0.73594 0.20117 0.01562 0.01953
0 0.71562 0.22852 0.01562 0.01953
0 0.77031 0.22656 0.01562 0.01953
0 0.85000 0.20508 0.01562 0.01953
0 0.81875 0.18945 0.01562 0.01953
0 0.78594 0.17969 0.01562 0.01953
0 0.88594 0.17578 0.01562 0.01953
0 0.84531 0.14648 0.01562 0.01953
0 0.77656 0.14062 0.01562 0.01953
0 0.80156 0.13086 0.01562 0.01953
0 0.73750 0.15430 0.01562 0.01953
0 0.69688 0.14453 0.01562 0.01953
0 0.73281 0.11328 0.01562 0.01953
0 0.76094 0.09570 0.01562 0.01953
0 0.82031 0.09961 0.01562 0.01953
0 0.84688 0.08984 0.01562 0.01953
0 0.97813 0.16602 0.01562 0.01953
0 0.91563 0.15430 0.01562 0.01953
0 0.90781 0.11133 0.01562 0.01953
0 0.98594 0.02539 0.01562 0.01953
0 0.95469 0.03320 0.01562 0.01953
0 0.92656 0.01562 0.01562 0.01953
0 0.86094 0.03711 0.01562 0.01953
0 0.89375 0.01953 0.01562 0.01953
0 0.91250 0.06641 0.01562 0.01953
0 0.79844 0.04297 0.01562 0.01953
0 0.12812 0.65430 0.01562 0.01953
0 0.34375 0.41602 0.01562 0.01953
0 0.31250 0.42969 0.01562 0.01953
0 0.29063 0.40820 0.01562 0.01953
0 0.31875 0.37305 0.01562 0.01953
0 0.26250 0.40625 0.01562 0.01953
0 0.24219 0.42773 0.01562 0.01953
0 0.17188 0.42969 0.01562 0.01953
0 0.14219 0.45117 0.01562 0.01953
0 0.04219 0.30859 0.01562 0.01953
0 0.29531 0.31836 0.01562 0.01953
0 0.23906 0.32227 0.01562 0.01953
0 0.26719 0.28125 0.01562 0.01953
0 0.24375 0.26758 0.01562 0.01953
0 0.22812 0.25781 0.01562 0.01953
0 0.25312 0.23047 0.01562 0.01953
0 0.20781 0.22852 0.01562 0.01953
0 0.22344 0.21875 0.01562 0.01953
0 0.18750 0.30078 0.01562 0.01953
0 0.21875 0.29883 0.01562 0.01953
0 0.16094 0.26953 0.01562 0.01953
0 0.14844 0.32227 0.01562 0.01953
0 0.11250 0.29492 0.01562 0.01953
0 0.12812 0.22656 0.01562 0.01953
0 0.17188 0.22656 0.01562 0.01953
0 0.07031 0.21094 0.01562 0.01953
0 0.20000 0.17969 0.01562 0.01953
0 0.13437 0.18750 0.01562 0.01953
0 0.09844 0.15430 0.01562 0.01953
0 0.17344 0.17969 0.01562 0.01953
0 0.16719 0.15625 0.01562 0.01953
0 0.15625 0.10938 0.01562 0.01953
0 0.10312 0.10156 0.01562 0.01953
0 0.04531 0.08594 0.01562 0.01953
0 0.01250 0.03125 0.01562 0.01953
0 0.10469 0.06250 0.01562 0.01953
0 0.06719 0.03711 0.01562 0.01953
0 0.11250 0.02344 0.01562 0.01953
0 0.09688 0.38281 0.01562 0.01953
0 0.30625 0.65234 0.01562 0.01953
0 0.25625 0.71680 0.01562 0.01953
0 0.36406 0.43359 0.01562 0.01953
0 0.38750 0.42578 0.01562 0.01953
