0 0.01562 0.03125 0.01562 0.01953
0 0.03750 0.05078 0.01562 0.01953
0 0.01719 0.08398 0.01562 0.01953
0 0.05312 0.08594 0.01562 0.01953
0 0.09688 0.09766 0.01562 0.01953
0 0.10312 0.14648 0.01562 0.01953
0 0.07500 0.20508 0.01562 0.01953
0 0.04375 0.30469 0.01562 0.01953
0 0.11875 0.29492 0.01562 0.01953
0 0.09375 0.37695 0.01562 0.01953
0 0.15000 0.44531 0.01562 0.01953
0 0.17344 0.41797 0.01562 0.01953
0 0.15313 0.31250 0.01562 0.01953
0 0.16719 0.26562 0.01562 0.01953
0 0.09531 0.55469 0.01562 0.01953
0 0.07031 0.58984 0.01562 0.01953
0 0.07187 0.65039 0.01562 0.01953
0 0.08594 0.67773 0.01562 0.01953
0 0.12812 0.69141 0.01562 0.01953
0 0.13594 0.64648 0.01562 0.01953
0 0.18906 0.61133 0.01562 0.01953
0 0.26875 0.59180 0.01562 0.01953
0 0.20469 0.67188 0.01562 0.01953
0 0.18281 0.68945 0.01562 0.01953
0 0.30781 0.65820 0.01562 0.01953
0 0.24063 0.73828 0.01562 0.01953
0 0.19844 0.77930 0.01562 0.01953
0 0.15469 0.57422 0.01562 0.01953
0 0.23594 0.42578 0.01562 0.01953
0 0.26406 0.40234 0.01562 0.01953
0 0.29063 0.40234 0.01562 0.01953
0 0.31250 0.42578 0.01562 0.01953
0 0.35156 0.40234 0.01562 0.01953
0 0.32500 0.36523 0.01562 0.01953
0 0.29531 0.32031 0.01562 0.01953
0 0.27187 0.28516 0.01562 0.01953
0 0.23438 0.31836 0.01562 0.01953
0 0.19375 0.30273 0.01562 0.01953
0 0.21875 0.29688 0.01562 0.01953
0 0.25000 0.26172 0.01562 0.01953
0 0.22500 0.24414 0.01562 0.01953
0 0.22344 0.20312 0.01562 0.01953
0 0.18438 0.21289 0.01562 0.01953
0 0.13594 0.22656 0.01562 0.01953
0 0.16250 0.15234 0.01562 0.01953
0 0.19844 0.19336 0.01562 0.01953
0 0.10938 0.05469 0.01562 0.01953
0 0.15781 0.09375 0.01562 0.01953
0 0.39062 0.42188 0.01562 0.01953
0 0.40625 0.49219 0.01562 0.01953
0 0.47344 0.63867 0.01562 0.01953
0 0.50625 0.57227 0.01562 0.01953
0 0.52812 0.53516 0.01562 0.01953
0 0.54844 0.66406 0.01562 0.01953
0 0.62031 0.55078 0.01562 0.01953
0 0.58281 0.52344 0.01562 0.01953
0 0.56406 0.50586 0.01562 0.01953
0 0.44375 0.44922 0.01562 0.01953
0 0.42500 0.36133 0.01562 0.01953
0 0.46094 0.35547 0.01562 0.01953
0 0.50469 0.36523 0.01562 0.01953
0 0.48125 0.36914 0.01562 0.01953
0 0.51875 0.42578 0.01562 0.01953
0 0.55000 0.37500 0.01562 0.01953
0 0.57500 0.36133 0.01562 0.01953
0 0.53906 0.33008 0.01562 0.01953
0 0.53594 0.29492 0.01562 0.01953
0 0.48438 0.31445 0.01562 0.01953
0 0.47031 0.33398 0.01562 0.01953
0 0.60156 0.32422 0.01562 0.01953
0 0.76562 0.34180 0.01562 0.01953
0 0.59688 0.26953 0.01562 0.01953
0 0.63750 0.28516 0.01562 0.01953
0 0.62031 0.26367 0.01562 0.01953
0 0.65156 0.24609 0.01562 0.01953
0 0.65312 0.20117 0.01562 0.01953
0 0.68281 0.22656 0.01562 0.01953
0 0.71562 0.22656 0.01562 0.01953
0 0.77500 0.22461 0.01562 0.01953
0 0.73906 0.19922 0.01562 0.01953
0 0.71094 0.17383 0.01562 0.01953
0 0.68125 0.18555 0.01562 0.01953
0 0.74062 0.15234 0.01562 0.01953
0 0.73906 0.11914 0.01562 0.01953
0 0.78594 0.14258 0.01562 0.01953
0 0.78438 0.17969 0.01562 0.01953
0 0.80312 0.16992 0.01562 0.01953
0 0.81719 0.19141 0.01562 0.01953
0 0.85156 0.20703 0.01562 0.01953
0 0.88438 0.17578 0.01562 0.01953
0 0.85781 0.14648 0.01562 0.01953
0 0.83125 0.15234 0.01562 0.01953
0 0.92344 0.16016 0.01562 0.01953
0 0.82188 0.10547 0.01562 0.01953
0 0.80625 0.13086 0.01562 0.01953
0 0.76406 0.09961 0.01562 0.01953
0 0.79063 0.07617 0.01562 0.01953
0 0.92031 0.06836 0.01562 0.01953
0 0.95000 0.03906 0.01562 0.01953
0 0.98438 0.16016 0.01562 0.01953
0 0.90938 0.10156 0.01562 0.01953
0 0.97969 0.02344 0.01562 0.01953
0 0.93437 0.01758 0.01562 0.01953
0 0.90938 0.01758 0.01562 0.01953
0 0.88906 0.03125 0.01562 0.01953
0 0.86562 0.02344 0.01562 0.01953
0 0.20938 0.58398 0.01562 0.01953
0 0.36875 0.43164 0.01562 0.01953
0 0.32969 0.57812 0.01562 0.01953
0 0.98281 0.30078 0.01562 0.01953
0 0.08125 0.04492 0.01562 0.01953
0 0.11563 0.01953 0.01562 0.01953
0 0.06563 0.01367 0.01562 0.01953
0 0.40625 0.39258 0.01562 0.01953
0 0.19531 0.36719 0.01562 0.01953
0 0.22656 0.35938 0.01562 0.01953
0 0.70156 0.14258 0.01562 0.01953
0 0.89375 0.14062 0.01562 0.01953
