0 0.49062 0.71289 0.01562 0.01953
0 0.45469 0.75195 0.01562 0.01953
0 0.47344 0.81250 0.01562 0.01953
0 0.49844 0.84766 0.01562 0.01953
0 0.53125 0.84961 0.01562 0.01953
0 0.53281 0.79102 0.01562 0.01953
0 0.56250 0.76367 0.01562 0.01953
0 0.59375 0.72070 0.01562 0.01953
0 0.54219 0.72852 0.01562 0.01953
0 0.88281 0.60742 0.01562 0.01953
0 0.90469 0.56641 0.01562 0.01953
0 0.92188 0.51758 0.01562 0.01953
0 0.95469 0.54297 0.01562 0.01953
0 0.84219 0.58789 0.01562 0.01953
0 0.80000 0.57227 0.01562 0.01953
0 0.77031 0.56641 0.01562 0.01953
0 0.79688 0.50977 0.01562 0.01953
0 0.81406 0.47656 0.01562 0.01953
0 0.75000 0.45703 0.01562 0.01953
0 0.73906 0.49609 0.01562 0.01953
0 0.65625 0.46289 0.01562 0.01953
0 0.68437 0.48633 0.01562 0.01953
0 0.71562 0.51367 0.01562 0.01953
0 0.66250 0.52539 0.01562 0.01953
0 0.63906 0.51172 0.01562 0.01953
0 0.61406 0.42383 0.01562 0.01953
0 0.59219 0.40430 0.01562 0.01953
0 0.55937 0.38867 0.01562 0.01953
0 0.53281 0.38086 0.01562 0.01953
0 0.53125 0.34375 0.01562 0.01953
0 0.48750 0.36914 0.01562 0.01953
0 0.49844 0.33203 0.01562 0.01953
0 0.46406 0.30664 0.01562 0.01953
0 0.46250 0.33594 0.01562 0.01953
0 0.42031 0.22461 0.01562 0.01953
0 0.45156 0.25781 0.01562 0.01953
0 0.45625 0.46484 0.01562 0.01953
0 0.43750 0.38281 0.01562 0.01953
0 0.39844 0.38281 0.01562 0.01953
0 0.37969 0.49023 0.01562 0.01953
0 0.35000 0.28125 0.01562 0.01953
0 0.30312 0.29688 0.01562 0.01953
0 0.39375 0.19727 0.01562 0.01953
0 0.34375 0.14258 0.01562 0.01953
0 0.30938 0.09961 0.01562 0.01953
0 0.31406 0.04883 0.01562 0.01953
0 0.32969 0.01758 0.01562 0.01953
0 0.22031 0.06445 0.01562 0.01953
0 0.90625 0.28125 0.01562 0.01953
0 0.84844 0.41602 0.01562 0.01953
0 0.80937 0.42188 0.01562 0.01953
0 0.76562 0.42969 0.01562 0.01953
0 0.87187 0.36523 0.01562 0.01953
0 0.90312 0.33984 0.01562 0.01953
0 0.88281 0.41602 0.01562 0.01953
0 0.90625 0.37695 0.01562 0.01953
0 0.96094 0.27734 0.01562 0.01953
0 0.94063 0.26562 0.01562 0.01953
0 0.96406 0.24023 0.01562 0.01953
0 0.96250 0.20898 0.01562 0.01953
0 0.97188 0.16016 0.01562 0.01953
0 0.99062 0.54297 0.01562 0.01953
0 0.65625 0.70508 0.01562 0.01953
0 0.67344 0.83203 0.01562 0.01953
0 0.65312 0.85742 0.01562 0.01953
0 0.61406 0.90820 0.01562 0.01953
0 0.57812 0.98047 0.01562 0.01953
0 0.34844 0.74219 0.01562 0.01953
0 0.31250 0.75195 0.01562 0.01953
0 0.16406 0.59375 0.01562 0.01953
0 0.11875 0.58594 0.01562 0.01953
0 0.08281 0.55078 0.01562 0.01953
0 0.05937 0.74805 0.01562 0.01953
0 0.09688 0.71289 0.01562 0.01953
0 0.12031 0.76172 0.01562 0.01953
0 0.16562 0.49805 0.01562 0.01953
0 0.85625 0.47070 0.01562 0.01953
0 0.10312 0.05078 0.01562 0.01953
0 0.02187 0.07227 0.01562 0.01953
0 0.00625 0.12695 0.01562 0.01953
0 0.36562 0.16016 0.01562 0.01953
0 0.38750 0.22656 0.01562 0.01953
0 0.39062 0.26953 0.01562 0.01953
0 0.43906 0.34570 0.01562 0.01953
0 0.47344 0.38867 0.01562 0.01953
0 0.48281 0.41797 0.01562 0.01953
0 0.53750 0.42969 0.01562 0.01953
0 0.57031 0.46289 0.01562 0.01953
0 0.51250 0.44922 0.01562 0.01953
0 0.52812 0.55859 0.01562 0.01953
0 0.58750 0.54297 0.01562 0.01953
0 0.60781 0.51953 0.01562 0.01953
0 0.53750 0.50586 0.01562 0.01953
0 0.56563 0.49609 0.01562 0.01953
0 0.78594 0.41602 0.01562 0.01953
0 0.79844 0.38281 0.01562 0.01953
0 0.81875 0.36328 0.01562 0.01953
0 0.84375 0.38281 0.01562 0.01953
0 0.94219 0.43945 0.01562 0.01953
0 0.98125 0.13477 0.01562 0.01953
0 0.55312 0.88281 0.01562 0.01953
0 0.58750 0.82617 0.01562 0.01953
0 0.60938 0.80078 0.01562 0.01953
0 0.06563 0.42188 0.01562 0.01953
0 0.04219 0.47070 0.01562 0.01953
0 0.27500 0.04883 0.01562 0.01953
0 0.29219 0.01953 0.01562 0.01953
0 0.28437 0.07227 0.01562 0.01953
0 0.36406 0.19727 0.01562 0.01953
0 0.30781 0.24023 0.01562 0.01953
0 0.35469 0.22656 0.01562 0.01953
0 0.33906 0.20117 0.01562 0.01953
0 0.31250 0.15234 0.01562 0.01953
