0 0.38594 0.78516 0.01562 0.01953
0 0.34844 0.80664 0.01562 0.01953
0 0.07031 0.71289 0.01562 0.01953
0 0.12344 0.73633 0.01562 0.01953
0 0.16250 0.72461 0.01562 0.01953
0 0.01094 0.65820 0.01562 0.01953
0 0.02031 0.62305 0.01562 0.01953
0 0.13906 0.64258 0.01562 0.01953
0 0.21563 0.37891 0.01562 0.01953
0 0.25312 0.34961 0.01562 0.01953
0 0.10781 0.21289 0.01562 0.01953
0 0.17031 0.20117 0.01562 0.01953
0 0.16719 0.13867 0.01562 0.01953
0 0.13750 0.06641 0.01562 0.01953
0 0.16875 0.06250 0.01562 0.01953
0 0.19219 0.03125 0.01562 0.01953
0 0.14531 0.03906 0.01562 0.01953
0 0.09844 0.08789 0.01562 0.01953
0 0.24688 0.29297 0.01562 0.01953
0 0.22812 0.27539 0.01562 0.01953
0 0.27344 0.28320 0.01562 0.01953
0 0.24844 0.25977 0.01562 0.01953
0 0.29063 0.32422 0.01562 0.01953
0 0.32344 0.36914 0.01562 0.01953
0 0.32812 0.42969 0.01562 0.01953
0 0.37344 0.40820 0.01562 0.01953
0 0.36406 0.37305 0.01562 0.01953
0 0.31250 0.27539 0.01562 0.01953
0 0.34375 0.29102 0.01562 0.01953
0 0.37188 0.32812 0.01562 0.01953
0 0.38750 0.35938 0.01562 0.01953
0 0.55312 0.37891 0.01562 0.01953
0 0.51562 0.36523 0.01562 0.01953
0 0.48750 0.35547 0.01562 0.01953
0 0.46250 0.36914 0.01562 0.01953
0 0.44219 0.33984 0.01562 0.01953
0 0.47813 0.40430 0.01562 0.01953
0 0.50625 0.39648 0.01562 0.01953
0 0.51094 0.42383 0.01562 0.01953
0 0.49375 0.57812 0.01562 0.01953
0 0.50156 0.52539 0.01562 0.01953
0 0.55625 0.50000 0.01562 0.01953
0 0.56250 0.46289 0.01562 0.01953
0 0.59062 0.43945 0.01562 0.01953
0 0.62500 0.45312 0.01562 0.01953
0 0.62969 0.40430 0.01562 0.01953
0 0.66094 0.40820 0.01562 0.01953
0 0.68750 0.38477 0.01562 0.01953
0 0.68281 0.35352 0.01562 0.01953
0 0.68906 0.31445 0.01562 0.01953
0 0.70625 0.25586 0.01562 0.01953
0 0.72188 0.22656 0.01562 0.01953
0 0.72969 0.28711 0.01562 0.01953
0 0.73906 0.37695 0.01562 0.01953
0 0.72656 0.43359 0.01562 0.01953
0 0.75938 0.34375 0.01562 0.01953
0 0.85313 0.42969 0.01562 0.01953
0 0.85781 0.38281 0.01562 0.01953
0 0.86094 0.33594 0.01562 0.01953
0 0.89844 0.33789 0.01562 0.01953
0 0.93750 0.32812 0.01562 0.01953
0 0.92188 0.19141 0.01562 0.01953
0 0.91563 0.11328 0.01562 0.01953
0 0.95937 0.05273 0.01562 0.01953
0 0.98438 0.13867 0.01562 0.01953
0 0.60938 0.65625 0.01562 0.01953
0 0.55625 0.68555 0.01562 0.01953
0 0.48438 0.70508 0.01562 0.01953
0 0.48750 0.76562 0.01562 0.01953
0 0.51094 0.80664 0.01562 0.01953
0 0.54688 0.82031 0.01562 0.01953
0 0.57812 0.81250 0.01562 0.01953
0 0.56563 0.75977 0.01562 0.01953
0 0.69844 0.76367 0.01562 0.01953
0 0.71562 0.73438 0.01562 0.01953
0 0.70781 0.71289 0.01562 0.01953
0 0.71094 0.68750 0.01562 0.01953
0 0.67812 0.82422 0.01562 0.01953
0 0.66250 0.91016 0.01562 0.01953
0 0.59062 0.87891 0.01562 0.01953
0 0.21094 0.22070 0.01562 0.01953
0 0.34219 0.53516 0.01562 0.01953
0 0.40313 0.47656 0.01562 0.01953
0 0.43125 0.46680 0.01562 0.01953
0 0.42500 0.41602 0.01562 0.01953
0 0.40625 0.40625 0.01562 0.01953
0 0.52344 0.46094 0.01562 0.01953
0 0.50000 0.48242 0.01562 0.01953
0 0.59375 0.39648 0.01562 0.01953
0 0.80312 0.42773 0.01562 0.01953
0 0.84062 0.01172 0.01562 0.01953
0 0.82344 0.04883 0.01562 0.01953
0 0.82812 0.08984 0.01562 0.01953
0 0.78281 0.11719 0.01562 0.01953
0 0.80000 0.09570 0.01562 0.01953
0 0.80000 0.01562 0.01562 0.01953
0 0.20938 0.32617 0.01562 0.01953
0 0.18281 0.24414 0.01562 0.01953
0 0.12656 0.12695 0.01562 0.01953
0 0.12344 0.16016 0.01562 0.01953
0 0.13906 0.18359 0.01562 0.01953
0 0.14531 0.10547 0.01562 0.01953
0 0.27031 0.25195 0.01562 0.01953
0 0.66719 0.61133 0.01562 0.01953
0 0.70312 0.57031 0.01562 0.01953
0 0.11250 0.91211 0.01562 0.01953
0 0.13437 0.86133 0.01562 0.01953
0 0.06719 0.78320 0.01562 0.01953
0 0.06250 0.95508 0.01562 0.01953
0 0.07031 0.99414 0.01562 0.01953
0 0.17344 0.01758 0.01562 0.01953
0 0.42031 0.30859 0.01562 0.01953
0 0.41250 0.36719 0.01562 0.01953
0 0.76406 0.26758 0.01562 0.01953
0 0.75000 0.24414 0.01562 0.01953
0 0.75156 0.18164 0.01562 0.01953
0 0.77656 0.20508 0.01562 0.01953
0 0.80937 0.20117 0.01562 0.01953
