0 0.03750 0.31250 0.01562 0.01953
0 0.04219 0.24805 0.01562 0.01953
0 0.03281 0.27930 0.01562 0.01953
0 0.02813 0.35742 0.01562 0.01953
0 0.08594 0.32812 0.01562 0.01953
0 0.05937 0.32812 0.01562 0.01953
0 0.07500 0.27539 0.01562 0.01953
0 0.02656 0.18945 0.01562 0.01953
0 0.03125 0.21289 0.01562 0.01953
0 0.06094 0.20117 0.01562 0.01953
0 0.07031 0.16016 0.01562 0.01953
0 0.05937 0.10547 0.01562 0.01953
0 0.03594 0.15234 0.01562 0.01953
0 0.03906 0.12109 0.01562 0.01953
0 0.02813 0.08984 0.01562 0.01953
0 0.02031 0.05273 0.01562 0.01953
0 0.05781 0.03711 0.01562 0.01953
0 0.05937 0.00391 0.01562 0.01953
0 0.13906 0.33398 0.01562 0.01953
0 0.28125 0.43359 0.01562 0.01953
0 0.31719 0.42188 0.01562 0.01953
0 0.33125 0.45703 0.01562 0.01953
0 0.37344 0.43945 0.01562 0.01953
0 0.43438 0.41016 0.01562 0.01953
0 0.45781 0.38867 0.01562 0.01953
0 0.47969 0.41406 0.01562 0.01953
0 0.53438 0.43164 0.01562 0.01953
0 0.55781 0.40234 0.01562 0.01953
0 0.46406 0.34766 0.01562 0.01953
0 0.43594 0.34766 0.01562 0.01953
0 0.41563 0.37500 0.01562 0.01953
0 0.21250 0.37109 0.01562 0.01953
0 0.20469 0.34375 0.01562 0.01953
0 0.18594 0.48633 0.01562 0.01953
0 0.20625 0.44336 0.01562 0.01953
0 0.24375 0.40234 0.01562 0.01953
0 0.24688 0.34766 0.01562 0.01953
0 0.26094 0.33008 0.01562 0.01953
0 0.27500 0.34766 0.01562 0.01953
0 0.31250 0.36914 0.01562 0.01953
0 0.32969 0.39453 0.01562 0.01953
0 0.36406 0.40039 0.01562 0.01953
0 0.35000 0.37500 0.01562 0.01953
0 0.38750 0.35742 0.01562 0.01953
0 0.58437 0.40234 0.01562 0.01953
0 0.61562 0.60547 0.01562 0.01953
0 0.65625 0.63867 0.01562 0.01953
0 0.61094 0.71289 0.01562 0.01953
0 0.63750 0.75000 0.01562 0.01953
0 0.60469 0.78125 0.01562 0.01953
0 0.57031 0.77344 0.01562 0.01953
0 0.44062 0.80273 0.01562 0.01953
0 0.41719 0.83398 0.01562 0.01953
0 0.33750 0.58789 0.01562 0.01953
0 0.66719 0.69141 0.01562 0.01953
0 0.62969 0.66602 0.01562 0.01953
0 0.67344 0.65625 0.01562 0.01953
0 0.73438 0.63086 0.01562 0.01953
0 0.73281 0.66797 0.01562 0.01953
0 0.73438 0.59570 0.01562 0.01953
0 0.66250 0.54102 0.01562 0.01953
0 0.69063 0.47852 0.01562 0.01953
0 0.72031 0.55664 0.01562 0.01953
0 0.72344 0.74023 0.01562 0.01953
0 0.73281 0.82031 0.01562 0.01953
0 0.67812 0.28516 0.01562 0.01953
0 0.61719 0.24023 0.01562 0.01953
0 0.65156 0.20703 0.01562 0.01953
0 0.58437 0.35742 0.01562 0.01953
0 0.61875 0.28320 0.01562 0.01953
0 0.63125 0.31836 0.01562 0.01953
0 0.79688 0.29492 0.01562 0.01953
0 0.79063 0.25000 0.01562 0.01953
0 0.78438 0.19922 0.01562 0.01953
0 0.82344 0.18555 0.01562 0.01953
0 0.85938 0.01758 0.01562 0.01953
0 0.66563 0.09766 0.01562 0.01953
0 0.75938 0.01562 0.01562 0.01953
0 0.70625 0.25000 0.01562 0.01953
0 0.71094 0.20703 0.01562 0.01953
0 0.65781 0.15430 0.01562 0.01953
0 0.67344 0.17969 0.01562 0.01953
0 0.61875 0.17773 0.01562 0.01953
0 0.63281 0.22070 0.01562 0.01953
0 0.62656 0.14648 0.01562 0.01953
0 0.66250 0.02148 0.01562 0.01953
0 0.70781 0.13086 0.01562 0.01953
0 0.19375 0.39453 0.01562 0.01953
0 0.16250 0.38281 0.01562 0.01953
0 0.18281 0.35742 0.01562 0.01953
0 0.11875 0.36914 0.01562 0.01953
0 0.21563 0.83398 0.01562 0.01953
0 0.18281 0.85742 0.01562 0.01953
0 0.17344 0.76758 0.01562 0.01953
0 0.05937 0.77344 0.01562 0.01953
0 0.05156 0.83398 0.01562 0.01953
0 0.57969 0.65820 0.01562 0.01953
0 0.51562 0.67773 0.01562 0.01953
0 0.84531 0.91797 0.01562 0.01953
0 0.85156 0.16016 0.01562 0.01953
0 0.80469 0.03906 0.01562 0.01953
0 0.15000 0.44531 0.01562 0.01953
0 0.37656 0.50391 0.01562 0.01953
0 0.41875 0.50391 0.01562 0.01953
0 0.47344 0.47461 0.01562 0.01953
0 0.52812 0.46875 0.01562 0.01953
0 0.49062 0.53320 0.01562 0.01953
0 0.54219 0.35547 0.01562 0.01953
0 0.50000 0.35547 0.01562 0.01953
0 0.68125 0.34766 0.01562 0.01953
0 0.71562 0.33594 0.01562 0.01953
0 0.76094 0.31445 0.01562 0.01953
0 0.68906 0.24023 0.01562 0.01953
0 0.29063 0.49023 0.01562 0.01953
0 0.12812 0.85938 0.01562 0.01953
0 0.01094 0.26172 0.01562 0.01953
0 0.53438 0.75195 0.01562 0.01953
0 0.39531 0.44727 0.01562 0.01953
