0 0.40313 0.89258 0.01562 0.01953
0 0.42656 0.94336 0.01562 0.01953
0 0.39219 0.95312 0.01562 0.01953
0 0.29688 0.94141 0.01562 0.01953
0 0.34687 0.90820 0.01562 0.01953
0 0.32812 0.86914 0.01562 0.01953
0 0.28906 0.89258 0.01562 0.01953
0 0.25781 0.80078 0.01562 0.01953
0 0.28437 0.79883 0.01562 0.01953
0 0.25156 0.85742 0.01562 0.01953
0 0.23281 0.81836 0.01562 0.01953
0 0.20312 0.84961 0.01562 0.01953
0 0.22187 0.89453 0.01562 0.01953
0 0.32500 0.81250 0.01562 0.01953
0 0.68125 0.72656 0.01562 0.01953
0 0.62344 0.71875 0.01562 0.01953
0 0.62344 0.78711 0.01562 0.01953
0 0.59062 0.79102 0.01562 0.01953
0 0.68281 0.78125 0.01562 0.01953
0 0.54844 0.80078 0.01562 0.01953
0 0.59062 0.85156 0.01562 0.01953
0 0.56250 0.84570 0.01562 0.01953
0 0.74062 0.24414 0.01562 0.01953
0 0.71562 0.21484 0.01562 0.01953
0 0.74375 0.19141 0.01562 0.01953
0 0.73906 0.10938 0.01562 0.01953
0 0.72344 0.14648 0.01562 0.01953
0 0.68437 0.19141 0.01562 0.01953
0 0.70000 0.13867 0.01562 0.01953
0 0.67031 0.24023 0.01562 0.01953
0 0.70937 0.30664 0.01562 0.01953
0 0.73750 0.37305 0.01562 0.01953
0 0.81563 0.32812 0.01562 0.01953
0 0.78594 0.64258 0.01562 0.01953
0 0.79531 0.69336 0.01562 0.01953
0 0.80312 0.73828 0.01562 0.01953
0 0.82344 0.62891 0.01562 0.01953
0 0.85156 0.59766 0.01562 0.01953
0 0.67188 0.61914 0.01562 0.01953
0 0.68906 0.68359 0.01562 0.01953
0 0.61875 0.68359 0.01562 0.01953
0 0.63125 0.65625 0.01562 0.01953
0 0.47031 0.79102 0.01562 0.01953
0 0.50781 0.79688 0.01562 0.01953
0 0.44688 0.85156 0.01562 0.01953
0 0.42344 0.82227 0.01562 0.01953
0 0.48438 0.86133 0.01562 0.01953
0 0.68281 0.34766 0.01562 0.01953
0 0.63750 0.35547 0.01562 0.01953
0 0.62187 0.27734 0.01562 0.01953
0 0.64687 0.28125 0.01562 0.01953
0 0.90938 0.07812 0.01562 0.01953
0 0.85625 0.02930 0.01562 0.01953
0 0.84844 0.25391 0.01562 0.01953
0 0.87500 0.23047 0.01562 0.01953
0 0.65156 0.45898 0.01562 0.01953
0 0.69063 0.41992 0.01562 0.01953
0 0.10156 0.77930 0.01562 0.01953
0 0.14844 0.78711 0.01562 0.01953
0 0.18438 0.78125 0.01562 0.01953
0 0.19844 0.81250 0.01562 0.01953
0 0.21563 0.79688 0.01562 0.01953
0 0.70312 0.90625 0.01562 0.01953
0 0.01875 0.25781 0.01562 0.01953
0 0.03750 0.29102 0.01562 0.01953
0 0.03906 0.34180 0.01562 0.01953
0 0.05156 0.39648 0.01562 0.01953
0 0.05781 0.44141 0.01562 0.01953
0 0.06250 0.47656 0.01562 0.01953
0 0.06250 0.56250 0.01562 0.01953
0 0.05937 0.61133 0.01562 0.01953
0 0.08594 0.72656 0.01562 0.01953
0 0.07500 0.66016 0.01562 0.01953
0 0.06875 0.79492 0.01562 0.01953
0 0.04844 0.77930 0.01562 0.01953
0 0.04844 0.73828 0.01562 0.01953
0 0.05937 0.70898 0.01562 0.01953
0 0.04688 0.68359 0.01562 0.01953
0 0.03906 0.65234 0.01562 0.01953
0 0.01875 0.62500 0.01562 0.01953
0 0.01562 0.58008 0.01562 0.01953
0 0.02031 0.48828 0.01562 0.01953
0 0.02500 0.52148 0.01562 0.01953
0 0.01562 0.43164 0.01562 0.01953
0 0.02187 0.40234 0.01562 0.01953
0 0.65625 0.14062 0.01562 0.01953
0 0.82031 0.01367 0.01562 0.01953
0 0.75313 0.08594 0.01562 0.01953
0 0.77031 0.03906 0.01562 0.01953
0 0.66250 0.04492 0.01562 0.01953
0 0.69219 0.01172 0.01562 0.01953
0 0.72031 0.00977 0.01562 0.01953
0 0.74687 0.05273 0.01562 0.01953
0 0.65156 0.31836 0.01562 0.01953
0 0.67344 0.28906 0.01562 0.01953
0 0.69375 0.27734 0.01562 0.01953
0 0.03438 0.83789 0.01562 0.01953
0 0.01719 0.71680 0.01562 0.01953
0 0.50938 0.96289 0.01562 0.01953
0 0.48594 0.91992 0.01562 0.01953
0 0.54375 0.87891 0.01562 0.01953
0 0.50313 0.88672 0.01562 0.01953
0 0.07187 0.01953 0.01562 0.01953
0 0.05000 0.01172 0.01562 0.01953
0 0.36094 0.01953 0.01562 0.01953
0 0.61875 0.61133 0.01562 0.01953
0 0.62500 0.58008 0.01562 0.01953
0 0.63594 0.75977 0.01562 0.01953
0 0.78438 0.19727 0.01562 0.01953
0 0.77812 0.16016 0.01562 0.01953
0 0.78125 0.10547 0.01562 0.01953
0 0.78594 0.06641 0.01562 0.01953
0 0.64531 0.55078 0.01562 0.01953
0 0.66719 0.53906 0.01562 0.01953
0 0.67188 0.96484 0.01562 0.01953
0 0.73281 0.97656 0.01562 0.01953
0 0.73906 0.41406 0.01562 0.01953
0 0.69844 0.55273 0.01562 0.01953
0 0.70469 0.57617 0.01562 0.01953
0 0.71250 0.64258 0.01562 0.01953
0 0.66094 0.59375 0.01562 0.01953
0 0.47500 0.83594 0.01562 0.01953
0 0.52031 0.85352 0.01562 0.01953
0 0.45000 0.80469 0.01562 0.01953
0 0.39687 0.80273 0.01562 0.01953
0 0.36719 0.78711 0.01562 0.01953
0 0.37812 0.85742 0.01562 0.01953
0 0.37344 0.88867 0.01562 0.01953
0 0.17500 0.84375 0.01562 0.01953
0 0.13281 0.82031 0.01562 0.01953
0 0.10000 0.80469 0.01562 0.01953
0 0.03594 0.45703 0.01562 0.01953
0 0.01250 0.33398 0.01562 0.01953
0 0.05000 0.23438 0.01562 0.01953
0 0.05937 0.05859 0.01562 0.01953
0 0.05625 0.15234 0.01562 0.01953
0 0.04531 0.13281 0.01562 0.01953
0 0.64844 0.08008 0.01562 0.01953
0 0.63594 0.18359 0.01562 0.01953
0 0.64219 0.22656 0.01562 0.01953
0 0.05312 0.18750 0.01562 0.01953
