0 0.34531 0.12500 0.01562 0.01953
0 0.89687 0.18555 0.01562 0.01953
0 0.83437 0.16016 0.01562 0.01953
0 0.75469 0.10547 0.01562 0.01953
0 0.75938 0.14648 0.01562 0.01953
0 0.77344 0.17969 0.01562 0.01953
0 0.76719 0.20703 0.01562 0.01953
0 0.76406 0.26562 0.01562 0.01953
0 0.77031 0.32812 0.01562 0.01953
0 0.72969 0.28711 0.01562 0.01953
0 0.72969 0.34766 0.01562 0.01953
0 0.70312 0.32031 0.01562 0.01953
0 0.80312 0.42773 0.01562 0.01953
0 0.86562 0.37500 0.01562 0.01953
0 0.83906 0.38281 0.01562 0.01953
0 0.72188 0.47656 0.01562 0.01953
0 0.72344 0.51758 0.01562 0.01953
0 0.81250 0.73633 0.01562 0.01953
0 0.77500 0.73633 0.01562 0.01953
0 0.78594 0.79297 0.01562 0.01953
0 0.79375 0.83789 0.01562 0.01953
0 0.67031 0.82617 0.01562 0.01953
0 0.67500 0.88086 0.01562 0.01953
0 0.67344 0.78711 0.01562 0.01953
0 0.66094 0.72070 0.01562 0.01953
0 0.64375 0.74414 0.01562 0.01953
0 0.65156 0.69141 0.01562 0.01953
0 0.69531 0.66602 0.01562 0.01953
0 0.68437 0.52539 0.01562 0.01953
0 0.66250 0.53125 0.01562 0.01953
0 0.65156 0.55859 0.01562 0.01953
0 0.67344 0.45117 0.01562 0.01953
0 0.66875 0.48828 0.01562 0.01953
0 0.69375 0.41211 0.01562 0.01953
0 0.66250 0.39258 0.01562 0.01953
0 0.64531 0.41797 0.01562 0.01953
0 0.63906 0.46484 0.01562 0.01953
0 0.62344 0.37500 0.01562 0.01953
0 0.63438 0.33203 0.01562 0.01953
0 0.62656 0.28711 0.01562 0.01953
0 0.64375 0.25391 0.01562 0.01953
0 0.67812 0.23438 0.01562 0.01953
0 0.72031 0.22070 0.01562 0.01953
0 0.74219 0.19336 0.01562 0.01953
0 0.73281 0.14648 0.01562 0.01953
0 0.67812 0.11523 0.01562 0.01953
0 0.65625 0.15234 0.01562 0.01953
0 0.71094 0.10938 0.01562 0.01953
0 0.80781 0.11328 0.01562 0.01953
0 0.77500 0.01758 0.01562 0.01953
0 0.73438 0.01367 0.01562 0.01953
0 0.74062 0.06641 0.01562 0.01953
0 0.63594 0.11133 0.01562 0.01953
0 0.63594 0.19336 0.01562 0.01953
0 0.66250 0.07812 0.01562 0.01953
0 0.61719 0.08203 0.01562 0.01953
0 0.71094 0.07227 0.01562 0.01953
0 0.68594 0.05859 0.01562 0.01953
0 0.66875 0.03320 0.01562 0.01953
0 0.62344 0.75977 0.01562 0.01953
0 0.60781 0.78711 0.01562 0.01953
0 0.61562 0.82227 0.01562 0.01953
0 0.62031 0.86719 0.01562 0.01953
0 0.60938 0.89453 0.01562 0.01953
0 0.58125 0.90039 0.01562 0.01953
0 0.54375 0.89062 0.01562 0.01953
0 0.58125 0.94922 0.01562 0.01953
0 0.55156 0.94922 0.01562 0.01953
0 0.49531 0.89844 0.01562 0.01953
0 0.45781 0.88672 0.01562 0.01953
0 0.43750 0.90625 0.01562 0.01953
0 0.47969 0.96484 0.01562 0.01953
0 0.52812 0.97461 0.01562 0.01953
0 0.43438 0.95508 0.01562 0.01953
0 0.40781 0.91602 0.01562 0.01953
0 0.38594 0.89648 0.01562 0.01953
0 0.31875 0.92188 0.01562 0.01953
0 0.33594 0.94727 0.01562 0.01953
0 0.36094 0.94141 0.01562 0.01953
0 0.31875 0.97070 0.01562 0.01953
0 0.42344 0.98828 0.01562 0.01953
0 0.24375 0.90430 0.01562 0.01953
0 0.21563 0.92773 0.01562 0.01953
0 0.16719 0.94531 0.01562 0.01953
0 0.19219 0.95508 0.01562 0.01953
0 0.18750 0.91602 0.01562 0.01953
0 0.21094 0.88867 0.01562 0.01953
0 0.12344 0.92188 0.01562 0.01953
0 0.13750 0.89258 0.01562 0.01953
0 0.08906 0.89648 0.01562 0.01953
0 0.08750 0.86719 0.01562 0.01953
0 0.06406 0.83789 0.01562 0.01953
0 0.07344 0.81250 0.01562 0.01953
0 0.06406 0.76367 0.01562 0.01953
0 0.03750 0.68945 0.01562 0.01953
0 0.02656 0.75781 0.01562 0.01953
0 0.02656 0.78711 0.01562 0.01953
0 0.02813 0.84180 0.01562 0.01953
0 0.04219 0.81836 0.01562 0.01953
0 0.03125 0.87305 0.01562 0.01953
0 0.01094 0.93750 0.01562 0.01953
0 0.05312 0.89453 0.01562 0.01953
0 0.02813 0.63867 0.01562 0.01953
0 0.07500 0.71289 0.01562 0.01953
0 0.05312 0.53320 0.01562 0.01953
0 0.04531 0.55859 0.01562 0.01953
0 0.03594 0.59375 0.01562 0.01953
0 0.00937 0.58398 0.01562 0.01953
0 0.01562 0.44141 0.01562 0.01953
0 0.03750 0.50977 0.01562 0.01953
0 0.00781 0.53125 0.01562 0.01953
0 0.02656 0.55078 0.01562 0.01953
0 0.03906 0.47461 0.01562 0.01953
0 0.02031 0.39648 0.01562 0.01953
0 0.03750 0.34375 0.01562 0.01953
0 0.01250 0.36523 0.01562 0.01953
0 0.09062 0.28906 0.01562 0.01953
0 0.03281 0.04297 0.01562 0.01953
0 0.04219 0.07812 0.01562 0.01953
0 0.03750 0.10547 0.01562 0.01953
0 0.04219 0.24805 0.01562 0.01953
0 0.04844 0.16797 0.01562 0.01953
0 0.05312 0.12891 0.01562 0.01953
0 0.03438 0.19922 0.01562 0.01953
0 0.03906 0.02344 0.01562 0.01953
0 0.04844 0.00000 0.01562 0.01953
0 0.01250 0.49609 0.01562 0.01953
0 0.00781 0.62500 0.01562 0.01953
0 0.00469 0.68555 0.01562 0.01953
0 0.00937 0.72266 0.01562 0.01953
0 0.00781 0.82031 0.01562 0.01953
0 0.28281 0.97656 0.01562 0.01953
0 0.27500 0.90430 0.01562 0.01953
0 0.27969 0.93750 0.01562 0.01953
0 0.24063 0.95508 0.01562 0.01953
0 0.84062 0.70117 0.01562 0.01953
0 0.06563 0.32227 0.01562 0.01953
0 0.69844 0.74219 0.01562 0.01953
0 0.73281 0.69922 0.01562 0.01953
0 0.71094 0.25781 0.01562 0.01953
0 0.69063 0.26562 0.01562 0.01953
0 0.67656 0.30273 0.01562 0.01953
0 0.65625 0.34570 0.01562 0.01953
0 0.68125 0.38281 0.01562 0.01953
0 0.67031 0.64258 0.01562 0.01953
0 0.65156 0.64453 0.01562 0.01953
0 0.63594 0.65039 0.01562 0.01953
0 0.61250 0.69531 0.01562 0.01953
0 0.46250 0.93359 0.01562 0.01953
0 0.36719 0.98828 0.01562 0.01953
0 0.39062 0.98633 0.01562 0.01953
0 0.35156 0.89844 0.01562 0.01953
0 0.03750 0.71680 0.01562 0.01953
0 0.03594 0.66602 0.01562 0.01953
0 0.04531 0.29297 0.01562 0.01953
0 0.01250 0.06445 0.01562 0.01953
