0 0.32344 0.20898 0.01562 0.01953
0 0.36875 0.18555 0.01562 0.01953
0 0.39687 0.24609 0.01562 0.01953
0 0.43125 0.23438 0.01562 0.01953
0 0.45937 0.15234 0.01562 0.01953
0 0.49375 0.21289 0.01562 0.01953
0 0.54688 0.22656 0.01562 0.01953
0 0.57656 0.15430 0.01562 0.01953
0 0.59531 0.20117 0.01562 0.01953
0 0.60313 0.27148 0.01562 0.01953
0 0.64219 0.31445 0.01562 0.01953
0 0.66250 0.35352 0.01562 0.01953
0 0.68437 0.38672 0.01562 0.01953
0 0.73281 0.43164 0.01562 0.01953
0 0.75313 0.46289 0.01562 0.01953
0 0.68750 0.48242 0.01562 0.01953
0 0.67500 0.43750 0.01562 0.01953
0 0.64531 0.42188 0.01562 0.01953
0 0.63750 0.36328 0.01562 0.01953
0 0.60000 0.34766 0.01562 0.01953
0 0.60000 0.39648 0.01562 0.01953
0 0.61250 0.43359 0.01562 0.01953
0 0.64531 0.46875 0.01562 0.01953
0 0.65469 0.49219 0.01562 0.01953
0 0.68594 0.50977 0.01562 0.01953
0 0.71094 0.56445 0.01562 0.01953
0 0.71094 0.60938 0.01562 0.01953
0 0.68906 0.58398 0.01562 0.01953
0 0.68437 0.61523 0.01562 0.01953
0 0.64375 0.57031 0.01562 0.01953
0 0.65625 0.53906 0.01562 0.01953
0 0.63281 0.53516 0.01562 0.01953
0 0.62500 0.51758 0.01562 0.01953
0 0.61406 0.47656 0.01562 0.01953
0 0.59688 0.46094 0.01562 0.01953
0 0.57812 0.44922 0.01562 0.01953
0 0.55781 0.51367 0.01562 0.01953
0 0.59688 0.50977 0.01562 0.01953
0 0.25469 0.08203 0.01562 0.01953
0 0.22656 0.04883 0.01562 0.01953
0 0.17188 0.08398 0.01562 0.01953
0 0.07812 0.11914 0.01562 0.01953
0 0.11875 0.13672 0.01562 0.01953
0 0.15000 0.16406 0.01562 0.01953
0 0.18750 0.19922 0.01562 0.01953
0 0.21719 0.24609 0.01562 0.01953
0 0.25781 0.20312 0.01562 0.01953
0 0.14688 0.21875 0.01562 0.01953
0 0.13906 0.26172 0.01562 0.01953
0 0.05937 0.24023 0.01562 0.01953
0 0.10469 0.26758 0.01562 0.01953
0 0.00937 0.17969 0.01562 0.01953
0 0.00313 0.22656 0.01562 0.01953
0 0.03750 0.34766 0.01562 0.01953
0 0.00469 0.32812 0.01562 0.01953
0 0.06719 0.31055 0.01562 0.01953
0 0.11563 0.32227 0.01562 0.01953
0 0.09375 0.33789 0.01562 0.01953
0 0.13437 0.34180 0.01562 0.01953
0 0.15937 0.31641 0.01562 0.01953
0 0.19062 0.31836 0.01562 0.01953
0 0.20469 0.28711 0.01562 0.01953
0 0.24375 0.31641 0.01562 0.01953
0 0.26406 0.29102 0.01562 0.01953
0 0.28125 0.30469 0.01562 0.01953
0 0.31875 0.32812 0.01562 0.01953
0 0.29688 0.25195 0.01562 0.01953
0 0.33437 0.25391 0.01562 0.01953
0 0.33906 0.29102 0.01562 0.01953
0 0.35313 0.32227 0.01562 0.01953
0 0.37656 0.34375 0.01562 0.01953
0 0.39531 0.31055 0.01562 0.01953
0 0.39531 0.35938 0.01562 0.01953
0 0.42500 0.31836 0.01562 0.01953
0 0.45156 0.29492 0.01562 0.01953
0 0.46563 0.33008 0.01562 0.01953
0 0.48438 0.28516 0.01562 0.01953
0 0.47656 0.25391 0.01562 0.01953
0 0.52187 0.28906 0.01562 0.01953
0 0.50781 0.32031 0.01562 0.01953
0 0.53438 0.32617 0.01562 0.01953
0 0.55156 0.35547 0.01562 0.01953
0 0.52031 0.36914 0.01562 0.01953
0 0.49062 0.34961 0.01562 0.01953
0 0.54375 0.40625 0.01562 0.01953
0 0.64687 0.59961 0.01562 0.01953
0 0.66719 0.63867 0.01562 0.01953
0 0.69844 0.66406 0.01562 0.01953
0 0.69688 0.70508 0.01562 0.01953
0 0.72969 0.66016 0.01562 0.01953
0 0.74375 0.71680 0.01562 0.01953
0 0.82031 0.74609 0.01562 0.01953
0 0.78594 0.78711 0.01562 0.01953
0 0.73438 0.80859 0.01562 0.01953
0 0.71094 0.75977 0.01562 0.01953
0 0.72969 0.85938 0.01562 0.01953
0 0.71875 0.91797 0.01562 0.01953
0 0.72656 0.95508 0.01562 0.01953
0 0.75625 0.97461 0.01562 0.01953
0 0.68437 0.97656 0.01562 0.01953
0 0.68437 0.80469 0.01562 0.01953
0 0.65938 0.76758 0.01562 0.01953
0 0.66719 0.71875 0.01562 0.01953
0 0.64687 0.69727 0.01562 0.01953
0 0.67031 0.67383 0.01562 0.01953
0 0.61719 0.65820 0.01562 0.01953
0 0.64375 0.64453 0.01562 0.01953
0 0.62969 0.60938 0.01562 0.01953
0 0.59062 0.59375 0.01562 0.01953
0 0.59219 0.55273 0.01562 0.01953
0 0.55937 0.56641 0.01562 0.01953
0 0.56250 0.60352 0.01562 0.01953
0 0.37031 0.46484 0.01562 0.01953
0 0.39531 0.47070 0.01562 0.01953
0 0.42812 0.48633 0.01562 0.01953
0 0.46406 0.45508 0.01562 0.01953
0 0.43438 0.43945 0.01562 0.01953
0 0.46875 0.41602 0.01562 0.01953
0 0.47813 0.38281 0.01562 0.01953
0 0.44375 0.38477 0.01562 0.01953
0 0.42188 0.38867 0.01562 0.01953
0 0.44219 0.36133 0.01562 0.01953
0 0.37344 0.38281 0.01562 0.01953
0 0.40156 0.40820 0.01562 0.01953
0 0.31562 0.38867 0.01562 0.01953
0 0.31719 0.42773 0.01562 0.01953
0 0.33594 0.39844 0.01562 0.01953
0 0.33906 0.47070 0.01562 0.01953
0 0.34531 0.43164 0.01562 0.01953
0 0.16406 0.35938 0.01562 0.01953
0 0.14219 0.36914 0.01562 0.01953
0 0.11875 0.40625 0.01562 0.01953
0 0.09062 0.40039 0.01562 0.01953
0 0.05312 0.41211 0.01562 0.01953
0 0.03281 0.39648 0.01562 0.01953
0 0.25312 0.34570 0.01562 0.01953
0 0.23438 0.36133 0.01562 0.01953
0 0.22031 0.38086 0.01562 0.01953
0 0.24844 0.39648 0.01562 0.01953
0 0.22500 0.41797 0.01562 0.01953
0 0.24219 0.44922 0.01562 0.01953
0 0.20156 0.41016 0.01562 0.01953
0 0.51719 0.41016 0.01562 0.01953
0 0.50156 0.39258 0.01562 0.01953
0 0.58906 0.37500 0.01562 0.01953
0 0.57188 0.39648 0.01562 0.01953
0 0.57344 0.48438 0.01562 0.01953
0 0.52500 0.49414 0.01562 0.01953
0 0.11719 0.46875 0.01562 0.01953
0 0.17813 0.46094 0.01562 0.01953
0 0.15000 0.43555 0.01562 0.01953
0 0.17656 0.39648 0.01562 0.01953
0 0.65156 0.96094 0.01562 0.01953
0 0.65625 0.92969 0.01562 0.01953
0 0.85313 0.85742 0.01562 0.01953
0 0.60938 0.91602 0.01562 0.01953
0 0.59844 0.88477 0.01562 0.01953
0 0.59219 0.81445 0.01562 0.01953
0 0.62031 0.80078 0.01562 0.01953
0 0.60781 0.72266 0.01562 0.01953
0 0.62969 0.73828 0.01562 0.01953
0 0.59219 0.67383 0.01562 0.01953
0 0.01250 0.67383 0.01562 0.01953
0 0.03594 0.67969 0.01562 0.01953
0 0.00781 0.71094 0.01562 0.01953
0 0.03281 0.73242 0.01562 0.01953
0 0.05625 0.93555 0.01562 0.01953
0 0.05625 0.90039 0.01562 0.01953
0 0.04219 0.85742 0.01562 0.01953
0 0.00625 0.80664 0.01562 0.01953
0 0.00469 0.76172 0.01562 0.01953
0 0.01250 0.61914 0.01562 0.01953
0 0.00937 0.64062 0.01562 0.01953
0 0.03750 0.53125 0.01562 0.01953
0 0.06250 0.54688 0.01562 0.01953
0 0.08125 0.51562 0.01562 0.01953
0 0.07344 0.47656 0.01562 0.01953
0 0.02656 0.48242 0.01562 0.01953
0 0.04844 0.45703 0.01562 0.01953
0 0.03594 0.43359 0.01562 0.01953
0 0.01406 0.44336 0.01562 0.01953
0 0.14531 0.49414 0.01562 0.01953
0 0.49531 0.46484 0.01562 0.01953
0 0.62656 0.84766 0.01562 0.01953
0 0.00469 0.86328 0.01562 0.01953
0 0.53438 0.44141 0.01562 0.01953
0 0.55000 0.46094 0.01562 0.01953
0 0.54531 0.48047 0.01562 0.01953
0 0.65625 0.85742 0.01562 0.01953
0 0.29219 0.39062 0.01562 0.01953
0 0.29531 0.34961 0.01562 0.01953
0 0.26875 0.36328 0.01562 0.01953
0 0.27500 0.43750 0.01562 0.01953
0 0.30469 0.45898 0.01562 0.01953
0 0.30469 0.42578 0.01562 0.01953
0 0.35469 0.37891 0.01562 0.01953
0 0.36875 0.42383 0.01562 0.01953
0 0.33281 0.35156 0.01562 0.01953
0 0.56719 0.30273 0.01562 0.01953
0 0.56875 0.33789 0.01562 0.01953
0 0.57344 0.42383 0.01562 0.01953
0 0.62031 0.58594 0.01562 0.01953
0 0.63750 0.76953 0.01562 0.01953
0 0.64219 0.79883 0.01562 0.01953
0 0.66250 0.79102 0.01562 0.01953
0 0.66406 0.81250 0.01562 0.01953
0 0.68437 0.83203 0.01562 0.01953
0 0.70625 0.84180 0.01562 0.01953
0 0.69063 0.86719 0.01562 0.01953
0 0.68906 0.92188 0.01562 0.01953
0 0.69375 0.94336 0.01562 0.01953
0 0.70937 0.90234 0.01562 0.01953
0 0.03594 0.92773 0.01562 0.01953
0 0.06719 0.36328 0.01562 0.01953
0 0.07500 0.42773 0.01562 0.01953
0 0.11094 0.42773 0.01562 0.01953
0 0.11406 0.38281 0.01562 0.01953
0 0.20000 0.35547 0.01562 0.01953
0 0.22031 0.33594 0.01562 0.01953
0 0.55469 0.02148 0.01562 0.01953
