0 0.05000 0.93359 0.01562 0.01953
0 0.02969 0.87305 0.01562 0.01953
0 0.06719 0.13477 0.01562 0.01953
0 0.10938 0.14062 0.01562 0.01953
0 0.16094 0.09375 0.01562 0.01953
0 0.20938 0.05859 0.01562 0.01953
0 0.25000 0.07812 0.01562 0.01953
0 0.35469 0.18750 0.01562 0.01953
0 0.31719 0.21484 0.01562 0.01953
0 0.32656 0.25586 0.01562 0.01953
0 0.29063 0.25391 0.01562 0.01953
0 0.25000 0.20703 0.01562 0.01953
0 0.21563 0.25391 0.01562 0.01953
0 0.18281 0.21484 0.01562 0.01953
0 0.14531 0.22656 0.01562 0.01953
0 0.09062 0.27344 0.01562 0.01953
0 0.04688 0.24023 0.01562 0.01953
0 0.39062 0.25000 0.01562 0.01953
0 0.42656 0.23633 0.01562 0.01953
0 0.48906 0.21289 0.01562 0.01953
0 0.45156 0.16211 0.01562 0.01953
0 0.54219 0.23047 0.01562 0.01953
0 0.60625 0.22266 0.01562 0.01953
0 0.61719 0.16602 0.01562 0.01953
0 0.60781 0.29492 0.01562 0.01953
0 0.64062 0.32617 0.01562 0.01953
0 0.65938 0.36133 0.01562 0.01953
0 0.63438 0.37305 0.01562 0.01953
0 0.67812 0.39648 0.01562 0.01953
0 0.74375 0.47656 0.01562 0.01953
0 0.66563 0.44531 0.01562 0.01953
0 0.68437 0.48242 0.01562 0.01953
0 0.67188 0.53125 0.01562 0.01953
0 0.65156 0.50391 0.01562 0.01953
0 0.63594 0.47070 0.01562 0.01953
0 0.63594 0.42383 0.01562 0.01953
0 0.60938 0.43945 0.01562 0.01953
0 0.59219 0.40625 0.01562 0.01953
0 0.58594 0.37500 0.01562 0.01953
0 0.59688 0.35547 0.01562 0.01953
0 0.56875 0.33594 0.01562 0.01953
0 0.56094 0.30859 0.01562 0.01953
0 0.52812 0.33203 0.01562 0.01953
0 0.54531 0.37500 0.01562 0.01953
0 0.52500 0.37500 0.01562 0.01953
0 0.50625 0.33203 0.01562 0.01953
0 0.51875 0.30078 0.01562 0.01953
0 0.47969 0.30078 0.01562 0.01953
0 0.46875 0.26172 0.01562 0.01953
0 0.45312 0.30859 0.01562 0.01953
0 0.42344 0.32812 0.01562 0.01953
0 0.38281 0.32031 0.01562 0.01953
0 0.34375 0.32812 0.01562 0.01953
0 0.33437 0.29297 0.01562 0.01953
0 0.31250 0.32812 0.01562 0.01953
0 0.32812 0.35547 0.01562 0.01953
0 0.35000 0.38477 0.01562 0.01953
0 0.29375 0.35742 0.01562 0.01953
0 0.28437 0.32031 0.01562 0.01953
0 0.26562 0.29102 0.01562 0.01953
0 0.23125 0.31055 0.01562 0.01953
0 0.24375 0.34766 0.01562 0.01953
0 0.21563 0.33594 0.01562 0.01953
0 0.18438 0.32617 0.01562 0.01953
0 0.14531 0.32227 0.01562 0.01953
0 0.10781 0.32617 0.01562 0.01953
0 0.06719 0.31250 0.01562 0.01953
0 0.12344 0.35156 0.01562 0.01953
0 0.08906 0.33789 0.01562 0.01953
0 0.11094 0.39062 0.01562 0.01953
0 0.14062 0.38281 0.01562 0.01953
0 0.11250 0.41211 0.01562 0.01953
0 0.13594 0.43750 0.01562 0.01953
0 0.16094 0.41016 0.01562 0.01953
0 0.18125 0.39258 0.01562 0.01953
0 0.19375 0.42188 0.01562 0.01953
0 0.22031 0.42578 0.01562 0.01953
0 0.19844 0.46289 0.01562 0.01953
0 0.26562 0.44336 0.01562 0.01953
0 0.30156 0.43750 0.01562 0.01953
0 0.33594 0.42969 0.01562 0.01953
0 0.36719 0.42188 0.01562 0.01953
0 0.39844 0.41406 0.01562 0.01953
0 0.42188 0.38867 0.01562 0.01953
0 0.43594 0.36133 0.01562 0.01953
0 0.46563 0.33594 0.01562 0.01953
0 0.46563 0.36914 0.01562 0.01953
0 0.47344 0.40039 0.01562 0.01953
0 0.44219 0.39062 0.01562 0.01953
0 0.45937 0.42773 0.01562 0.01953
0 0.42969 0.44336 0.01562 0.01953
0 0.39219 0.47656 0.01562 0.01953
0 0.36094 0.46875 0.01562 0.01953
0 0.33125 0.47266 0.01562 0.01953
0 0.29688 0.47070 0.01562 0.01953
0 0.26875 0.47656 0.01562 0.01953
0 0.13906 0.49609 0.01562 0.01953
0 0.10781 0.46289 0.01562 0.01953
0 0.09688 0.43555 0.01562 0.01953
0 0.07344 0.43750 0.01562 0.01953
0 0.04688 0.41602 0.01562 0.01953
0 0.02187 0.40234 0.01562 0.01953
0 0.03125 0.35938 0.01562 0.01953
0 0.01250 0.19141 0.01562 0.01953
0 0.05781 0.36914 0.01562 0.01953
0 0.02656 0.43555 0.01562 0.01953
0 0.71094 0.57031 0.01562 0.01953
0 0.65156 0.54297 0.01562 0.01953
0 0.61719 0.51953 0.01562 0.01953
0 0.55469 0.52148 0.01562 0.01953
0 0.57656 0.45703 0.01562 0.01953
0 0.59844 0.47461 0.01562 0.01953
0 0.56563 0.48828 0.01562 0.01953
0 0.51250 0.49609 0.01562 0.01953
0 0.46250 0.46289 0.01562 0.01953
0 0.43125 0.49609 0.01562 0.01953
0 0.50000 0.40234 0.01562 0.01953
0 0.52344 0.42188 0.01562 0.01953
0 0.52812 0.44336 0.01562 0.01953
0 0.68594 0.66406 0.01562 0.01953
0 0.70625 0.62500 0.01562 0.01953
0 0.68437 0.62695 0.01562 0.01953
0 0.68125 0.58789 0.01562 0.01953
0 0.64687 0.58398 0.01562 0.01953
0 0.59375 0.59961 0.01562 0.01953
0 0.58906 0.56445 0.01562 0.01953
0 0.59062 0.52148 0.01562 0.01953
0 0.56563 0.61914 0.01562 0.01953
0 0.65625 0.68164 0.01562 0.01953
0 0.64531 0.65430 0.01562 0.01953
0 0.62500 0.67188 0.01562 0.01953
0 0.66250 0.74023 0.01562 0.01953
0 0.73281 0.72656 0.01562 0.01953
0 0.69844 0.71680 0.01562 0.01953
0 0.73125 0.67773 0.01562 0.01953
0 0.78750 0.84375 0.01562 0.01953
0 0.81094 0.81641 0.01562 0.01953
0 0.71875 0.78320 0.01562 0.01953
0 0.71875 0.81445 0.01562 0.01953
0 0.74219 0.82617 0.01562 0.01953
0 0.73281 0.88086 0.01562 0.01953
0 0.70937 0.91211 0.01562 0.01953
0 0.72656 0.96875 0.01562 0.01953
0 0.64844 0.97070 0.01562 0.01953
0 0.65156 0.94141 0.01562 0.01953
0 0.69219 0.96094 0.01562 0.01953
0 0.68281 0.92969 0.01562 0.01953
0 0.58906 0.82422 0.01562 0.01953
0 0.62031 0.81250 0.01562 0.01953
0 0.60313 0.92383 0.01562 0.01953
0 0.59375 0.89453 0.01562 0.01953
0 0.62187 0.98633 0.01562 0.01953
0 0.60313 0.73242 0.01562 0.01953
0 0.58437 0.67969 0.01562 0.01953
0 0.64531 0.71289 0.01562 0.01953
0 0.63125 0.74609 0.01562 0.01953
0 0.63438 0.77930 0.01562 0.01953
0 0.66250 0.77539 0.01562 0.01953
0 0.65469 0.80273 0.01562 0.01953
0 0.65781 0.86328 0.01562 0.01953
0 0.67812 0.84375 0.01562 0.01953
0 0.69844 0.86133 0.01562 0.01953
0 0.68594 0.87500 0.01562 0.01953
0 0.85156 0.87891 0.01562 0.01953
0 0.75000 0.99414 0.01562 0.01953
0 0.06563 0.52148 0.01562 0.01953
0 0.05312 0.56250 0.01562 0.01953
0 0.02500 0.69531 0.01562 0.01953
0 0.00625 0.73633 0.01562 0.01953
0 0.00469 0.76172 0.01562 0.01953
0 0.00469 0.81836 0.01562 0.01953
0 0.00156 0.86719 0.01562 0.01953
0 0.00469 0.63477 0.01562 0.01953
0 0.00156 0.57227 0.01562 0.01953
0 0.03750 0.46680 0.01562 0.01953
0 0.02656 0.53125 0.01562 0.01953
0 0.48594 0.49805 0.01562 0.01953
0 0.13906 0.28711 0.01562 0.01953
0 0.20469 0.29297 0.01562 0.01953
0 0.16562 0.36719 0.01562 0.01953
0 0.19375 0.36523 0.01562 0.01953
0 0.21250 0.39453 0.01562 0.01953
0 0.23281 0.36719 0.01562 0.01953
0 0.24688 0.40820 0.01562 0.01953
0 0.24531 0.46289 0.01562 0.01953
0 0.17500 0.45312 0.01562 0.01953
0 0.02344 0.93750 0.01562 0.01953
0 0.04375 0.95898 0.01562 0.01953
0 0.62813 0.63477 0.01562 0.01953
0 0.65000 0.61523 0.01562 0.01953
0 0.61719 0.59375 0.01562 0.01953
0 0.49688 0.36523 0.01562 0.01953
0 0.39531 0.36914 0.01562 0.01953
0 0.37500 0.39062 0.01562 0.01953
0 0.37188 0.35742 0.01562 0.01953
0 0.33125 0.41016 0.01562 0.01953
0 0.30938 0.39844 0.01562 0.01953
0 0.28125 0.39453 0.01562 0.01953
0 0.26562 0.37305 0.01562 0.01953
0 0.14219 0.17383 0.01562 0.01953
0 0.55469 0.02734 0.01562 0.01953
0 0.67500 0.04492 0.01562 0.01953
