0 0.05469 0.97266 0.01562 0.01953
0 0.05000 0.93750 0.01562 0.01953
0 0.03594 0.89258 0.01562 0.01953
0 0.00625 0.75586 0.01562 0.01953
0 0.03750 0.57617 0.01562 0.01953
0 0.00937 0.58008 0.01562 0.01953
0 0.06875 0.55469 0.01562 0.01953
0 0.06250 0.52148 0.01562 0.01953
0 0.02187 0.51758 0.01562 0.01953
0 0.04531 0.49414 0.01562 0.01953
0 0.11875 0.50391 0.01562 0.01953
0 0.17813 0.48633 0.01562 0.01953
0 0.16875 0.46875 0.01562 0.01953
0 0.14219 0.47852 0.01562 0.01953
0 0.08438 0.46484 0.01562 0.01953
0 0.08125 0.49219 0.01562 0.01953
0 0.03438 0.46875 0.01562 0.01953
0 0.05312 0.44727 0.01562 0.01953
0 0.01250 0.48047 0.01562 0.01953
0 0.03125 0.43359 0.01562 0.01953
0 0.00937 0.37500 0.01562 0.01953
0 0.04375 0.39648 0.01562 0.01953
0 0.08750 0.42969 0.01562 0.01953
0 0.06094 0.42383 0.01562 0.01953
0 0.06563 0.40234 0.01562 0.01953
0 0.07031 0.35156 0.01562 0.01953
0 0.09062 0.37891 0.01562 0.01953
0 0.11250 0.35938 0.01562 0.01953
0 0.12344 0.38477 0.01562 0.01953
0 0.14062 0.40820 0.01562 0.01953
0 0.11563 0.41602 0.01562 0.01953
0 0.12500 0.44727 0.01562 0.01953
0 0.20781 0.49609 0.01562 0.01953
0 0.19531 0.44727 0.01562 0.01953
0 0.15469 0.44531 0.01562 0.01953
0 0.17813 0.42578 0.01562 0.01953
0 0.16406 0.39648 0.01562 0.01953
0 0.15000 0.35938 0.01562 0.01953
0 0.13594 0.30664 0.01562 0.01953
0 0.10781 0.30859 0.01562 0.01953
0 0.05156 0.27930 0.01562 0.01953
0 0.01406 0.22266 0.01562 0.01953
0 0.08125 0.16797 0.01562 0.01953
0 0.12031 0.17188 0.01562 0.01953
0 0.14531 0.20312 0.01562 0.01953
0 0.15000 0.26172 0.01562 0.01953
0 0.19062 0.24219 0.01562 0.01953
0 0.16562 0.14258 0.01562 0.01953
0 0.21406 0.09180 0.01562 0.01953
0 0.26094 0.11523 0.01562 0.01953
0 0.24688 0.24414 0.01562 0.01953
0 0.21719 0.27539 0.01562 0.01953
0 0.20469 0.32812 0.01562 0.01953
0 0.18438 0.35938 0.01562 0.01953
0 0.19687 0.39062 0.01562 0.01953
0 0.21719 0.41797 0.01562 0.01953
0 0.22500 0.45898 0.01562 0.01953
0 0.24375 0.49023 0.01562 0.01953
0 0.27656 0.48828 0.01562 0.01953
0 0.25000 0.43555 0.01562 0.01953
0 0.23125 0.39648 0.01562 0.01953
0 0.21719 0.36914 0.01562 0.01953
0 0.24063 0.33984 0.01562 0.01953
0 0.26406 0.32617 0.01562 0.01953
0 0.29219 0.28711 0.01562 0.01953
0 0.32188 0.24609 0.01562 0.01953
0 0.32969 0.28125 0.01562 0.01953
0 0.33906 0.33008 0.01562 0.01953
0 0.28125 0.35156 0.01562 0.01953
0 0.24844 0.38281 0.01562 0.01953
0 0.29531 0.38867 0.01562 0.01953
0 0.31094 0.35742 0.01562 0.01953
0 0.32969 0.38281 0.01562 0.01953
0 0.26719 0.40234 0.01562 0.01953
0 0.28906 0.42578 0.01562 0.01953
0 0.30469 0.45898 0.01562 0.01953
0 0.30469 0.50000 0.01562 0.01953
0 0.31719 0.43164 0.01562 0.01953
0 0.33906 0.46094 0.01562 0.01953
0 0.33750 0.50195 0.01562 0.01953
0 0.36875 0.50195 0.01562 0.01953
0 0.36406 0.45703 0.01562 0.01953
0 0.35156 0.41797 0.01562 0.01953
0 0.35156 0.36328 0.01562 0.01953
0 0.36094 0.22656 0.01562 0.01953
0 0.39375 0.35352 0.01562 0.01953
0 0.37500 0.38672 0.01562 0.01953
0 0.37656 0.41992 0.01562 0.01953
0 0.40313 0.39648 0.01562 0.01953
0 0.39531 0.44727 0.01562 0.01953
0 0.39531 0.50781 0.01562 0.01953
0 0.43125 0.52344 0.01562 0.01953
0 0.43594 0.47266 0.01562 0.01953
0 0.42344 0.42578 0.01562 0.01953
0 0.46406 0.50000 0.01562 0.01953
0 0.46719 0.45703 0.01562 0.01953
0 0.44844 0.42578 0.01562 0.01953
0 0.44062 0.39844 0.01562 0.01953
0 0.42031 0.35742 0.01562 0.01953
0 0.44844 0.35156 0.01562 0.01953
0 0.45781 0.33398 0.01562 0.01953
0 0.46563 0.37305 0.01562 0.01953
0 0.46875 0.40234 0.01562 0.01953
0 0.47500 0.42578 0.01562 0.01953
0 0.50000 0.43359 0.01562 0.01953
0 0.49531 0.51562 0.01562 0.01953
0 0.49688 0.39258 0.01562 0.01953
0 0.48281 0.33203 0.01562 0.01953
0 0.47344 0.30078 0.01562 0.01953
0 0.43906 0.26758 0.01562 0.01953
0 0.39219 0.29102 0.01562 0.01953
0 0.46563 0.20117 0.01562 0.01953
0 0.49219 0.25000 0.01562 0.01953
0 0.51250 0.32227 0.01562 0.01953
0 0.51094 0.36328 0.01562 0.01953
0 0.53594 0.36523 0.01562 0.01953
0 0.55937 0.34375 0.01562 0.01953
0 0.57500 0.37695 0.01562 0.01953
0 0.54688 0.39648 0.01562 0.01953
0 0.52031 0.41211 0.01562 0.01953
0 0.52187 0.44922 0.01562 0.01953
0 0.53281 0.47461 0.01562 0.01953
0 0.54844 0.43945 0.01562 0.01953
0 0.57188 0.43750 0.01562 0.01953
0 0.57344 0.46289 0.01562 0.01953
0 0.57656 0.49023 0.01562 0.01953
0 0.57188 0.51953 0.01562 0.01953
0 0.52031 0.52930 0.01562 0.01953
0 0.55312 0.49609 0.01562 0.01953
0 0.54688 0.25781 0.01562 0.01953
0 0.60625 0.25391 0.01562 0.01953
0 0.67656 0.27148 0.01562 0.01953
0 0.58594 0.41016 0.01562 0.01953
0 0.60156 0.39062 0.01562 0.01953
0 0.63359 0.40039 0.00156 0.00000
0 0.61562 0.32227 0.01562 0.01953
0 0.64375 0.35547 0.01562 0.01953
0 0.66406 0.39453 0.01562 0.01953
0 0.68594 0.42578 0.01562 0.01953
0 0.75938 0.13086 0.01562 0.01953
0 0.67734 0.08008 0.00156 0.00000
0 0.64844 0.04883 0.01562 0.01953
0 0.55312 0.06250 0.01562 0.01953
0 0.60000 0.43750 0.01562 0.01953
0 0.64375 0.46484 0.01562 0.01953
0 0.61719 0.47070 0.01562 0.01953
0 0.67812 0.48438 0.01562 0.01953
0 0.68594 0.51758 0.01562 0.01953
0 0.75313 0.49219 0.01562 0.01953
0 0.64219 0.50586 0.01562 0.01953
0 0.65312 0.53711 0.01562 0.01953
0 0.67656 0.55664 0.01562 0.01953
0 0.60156 0.50000 0.01562 0.01953
0 0.62187 0.52148 0.01562 0.01953
0 0.59375 0.54883 0.01562 0.01953
0 0.61875 0.55273 0.01562 0.01953
0 0.66094 0.58008 0.01562 0.01953
0 0.63438 0.58398 0.01562 0.01953
0 0.71562 0.60352 0.01562 0.01953
0 0.68750 0.62500 0.01562 0.01953
0 0.65000 0.61523 0.01562 0.01953
0 0.59219 0.59961 0.01562 0.01953
0 0.57500 0.62109 0.01562 0.01953
0 0.61719 0.62305 0.01562 0.01953
0 0.59531 0.63867 0.01562 0.01953
0 0.74531 0.66016 0.01562 0.01953
0 0.71250 0.66406 0.01562 0.01953
0 0.69375 0.66992 0.01562 0.01953
0 0.65156 0.64453 0.01562 0.01953
0 0.62969 0.66016 0.01562 0.01953
0 0.73594 0.70117 0.01562 0.01953
0 0.69375 0.70898 0.01562 0.01953
0 0.67344 0.67773 0.01562 0.01953
0 0.74375 0.75391 0.01562 0.01953
0 0.69844 0.74219 0.01562 0.01953
0 0.64844 0.69141 0.01562 0.01953
0 0.66875 0.77344 0.01562 0.01953
0 0.75156 0.86719 0.01562 0.01953
0 0.72500 0.85547 0.01562 0.01953
0 0.71719 0.80664 0.01562 0.01953
0 0.71562 0.82617 0.01562 0.01953
0 0.59219 0.71875 0.01562 0.01953
0 0.62344 0.69922 0.01562 0.01953
0 0.60781 0.75977 0.01562 0.01953
0 0.65625 0.74609 0.01562 0.01953
0 0.63125 0.77148 0.01562 0.01953
0 0.73750 0.91992 0.01562 0.01953
0 0.85469 0.90820 0.01562 0.01953
0 0.80469 0.95508 0.01562 0.01953
0 0.59375 0.84766 0.01562 0.01953
0 0.65156 0.98242 0.01562 0.01953
0 0.71250 0.95703 0.01562 0.01953
0 0.69063 0.96289 0.01562 0.01953
0 0.66563 0.93945 0.01562 0.01953
0 0.64531 0.95898 0.01562 0.01953
0 0.66094 0.89844 0.01562 0.01953
0 0.63594 0.89062 0.01562 0.01953
0 0.61719 0.83789 0.01562 0.01953
0 0.60000 0.92969 0.01562 0.01953
0 0.68437 0.85156 0.01562 0.01953
0 0.66094 0.81055 0.01562 0.01953
0 0.63906 0.81836 0.01562 0.01953
0 0.66250 0.71875 0.01562 0.01953
0 0.64062 0.71680 0.01562 0.01953
0 0.56563 0.65234 0.01562 0.01953
0 0.14531 0.52344 0.01562 0.01953
0 0.60000 0.96094 0.01562 0.01953
0 0.05781 0.59375 0.01562 0.01953
0 0.02656 0.72461 0.01562 0.01953
