0 0.06406 0.83008 0.01562 0.01953
0 0.01094 0.35352 0.01562 0.01953
0 0.00469 0.28320 0.01562 0.01953
0 0.01406 0.26367 0.01562 0.01953
0 0.02500 0.24219 0.01562 0.01953
0 0.04688 0.22852 0.01562 0.01953
0 0.05781 0.20117 0.01562 0.01953
0 0.08594 0.21484 0.01562 0.01953
0 0.12344 0.22656 0.01562 0.01953
0 0.18594 0.22266 0.01562 0.01953
0 0.14531 0.20898 0.01562 0.01953
0 0.10156 0.17188 0.01562 0.01953
0 0.07344 0.16602 0.01562 0.01953
0 0.03750 0.16602 0.01562 0.01953
0 0.02344 0.19727 0.01562 0.01953
0 0.00156 0.16797 0.01562 0.01953
0 0.00469 0.13086 0.01562 0.01953
0 0.02187 0.10938 0.01562 0.01953
0 0.03750 0.14453 0.01562 0.01953
0 0.04063 0.11914 0.01562 0.01953
0 0.03281 0.08203 0.01562 0.01953
0 0.06719 0.09961 0.01562 0.01953
0 0.06563 0.12305 0.01562 0.01953
0 0.09062 0.12305 0.01562 0.01953
0 0.11563 0.13672 0.01562 0.01953
0 0.09688 0.08203 0.01562 0.01953
0 0.05937 0.06641 0.01562 0.01953
0 0.02187 0.03711 0.01562 0.01953
0 0.07500 0.03125 0.01562 0.01953
0 0.10156 0.04688 0.01562 0.01953
0 0.12812 0.06836 0.01562 0.01953
0 0.13594 0.10352 0.01562 0.01953
0 0.15781 0.13281 0.01562 0.01953
0 0.13906 0.14062 0.01562 0.01953
0 0.13281 0.16797 0.01562 0.01953
0 0.16719 0.16797 0.01562 0.01953
0 0.18906 0.18750 0.01562 0.01953
0 0.18125 0.12891 0.01562 0.01953
0 0.18906 0.10938 0.01562 0.01953
0 0.16875 0.08008 0.01562 0.01953
0 0.15625 0.04883 0.01562 0.01953
0 0.12187 0.02539 0.01562 0.01953
0 0.20938 0.06250 0.01562 0.01953
0 0.22500 0.10938 0.01562 0.01953
0 0.25000 0.10547 0.01562 0.01953
0 0.26406 0.05859 0.01562 0.01953
0 0.29063 0.08594 0.01562 0.01953
0 0.34375 0.00977 0.01562 0.01953
0 0.48281 0.01758 0.01562 0.01953
0 0.32656 0.05273 0.01562 0.01953
0 0.36250 0.06445 0.01562 0.01953
0 0.37031 0.11328 0.01562 0.01953
0 0.41094 0.11328 0.01562 0.01953
0 0.46719 0.15039 0.01562 0.01953
0 0.42812 0.17773 0.01562 0.01953
0 0.46875 0.20703 0.01562 0.01953
0 0.51875 0.17383 0.01562 0.01953
0 0.50938 0.24805 0.01562 0.01953
0 0.55469 0.26172 0.01562 0.01953
0 0.60938 0.22656 0.01562 0.01953
0 0.61406 0.28711 0.01562 0.01953
0 0.57188 0.31641 0.01562 0.01953
0 0.65469 0.33203 0.01562 0.01953
0 0.70469 0.36523 0.01562 0.01953
0 0.83125 0.46289 0.01562 0.01953
0 0.83594 0.28125 0.01562 0.01953
0 0.82812 0.23828 0.01562 0.01953
0 0.75156 0.16992 0.01562 0.01953
0 0.19375 0.15039 0.01562 0.01953
0 0.21406 0.17773 0.01562 0.01953
0 0.20000 0.27539 0.01562 0.01953
0 0.23906 0.26953 0.01562 0.01953
0 0.25312 0.23633 0.01562 0.01953
0 0.22344 0.21484 0.01562 0.01953
0 0.25000 0.20898 0.01562 0.01953
0 0.27031 0.20703 0.01562 0.01953
0 0.22344 0.15625 0.01562 0.01953
0 0.25312 0.17383 0.01562 0.01953
0 0.24531 0.14062 0.01562 0.01953
0 0.27969 0.12695 0.01562 0.01953
0 0.31250 0.16406 0.01562 0.01953
0 0.27500 0.17383 0.01562 0.01953
0 0.30312 0.19727 0.01562 0.01953
0 0.27656 0.24219 0.01562 0.01953
0 0.26094 0.29102 0.01562 0.01953
0 0.29531 0.26953 0.01562 0.01953
0 0.30781 0.23242 0.01562 0.01953
0 0.33125 0.22852 0.01562 0.01953
0 0.33125 0.19727 0.01562 0.01953
0 0.33906 0.14648 0.01562 0.01953
0 0.35938 0.18750 0.01562 0.01953
0 0.39219 0.19336 0.01562 0.01953
0 0.39531 0.22266 0.01562 0.01953
0 0.35313 0.22656 0.01562 0.01953
0 0.35781 0.25781 0.01562 0.01953
0 0.38750 0.26367 0.01562 0.01953
0 0.41250 0.24805 0.01562 0.01953
0 0.44844 0.24023 0.01562 0.01953
0 0.32969 0.27148 0.01562 0.01953
0 0.29531 0.30859 0.01562 0.01953
0 0.31719 0.33008 0.01562 0.01953
0 0.36250 0.32812 0.01562 0.01953
0 0.34063 0.35547 0.01562 0.01953
0 0.36250 0.28711 0.01562 0.01953
0 0.38438 0.30078 0.01562 0.01953
0 0.39531 0.32812 0.01562 0.01953
0 0.38594 0.35742 0.01562 0.01953
0 0.36875 0.38867 0.01562 0.01953
0 0.39375 0.41602 0.01562 0.01953
0 0.41719 0.43359 0.01562 0.01953
0 0.40937 0.36719 0.01562 0.01953
0 0.41719 0.32812 0.01562 0.01953
0 0.41719 0.28125 0.01562 0.01953
0 0.43906 0.27734 0.01562 0.01953
0 0.45156 0.31250 0.01562 0.01953
0 0.48125 0.29492 0.01562 0.01953
0 0.46719 0.34570 0.01562 0.01953
0 0.43906 0.34180 0.01562 0.01953
0 0.44219 0.38477 0.01562 0.01953
0 0.47187 0.38281 0.01562 0.01953
0 0.50000 0.36914 0.01562 0.01953
0 0.50469 0.33203 0.01562 0.01953
0 0.53750 0.32227 0.01562 0.01953
0 0.52656 0.34570 0.01562 0.01953
0 0.53906 0.36914 0.01562 0.01953
0 0.49531 0.40039 0.01562 0.01953
0 0.52500 0.40039 0.01562 0.01953
0 0.51719 0.42188 0.01562 0.01953
0 0.46250 0.43555 0.01562 0.01953
0 0.43594 0.47070 0.01562 0.01953
0 0.47344 0.47266 0.01562 0.01953
0 0.49375 0.44141 0.01562 0.01953
0 0.56563 0.34766 0.01562 0.01953
0 0.57188 0.39453 0.01562 0.01953
0 0.60000 0.37500 0.01562 0.01953
0 0.62969 0.41602 0.01562 0.01953
0 0.59688 0.41602 0.01562 0.01953
0 0.55000 0.40820 0.01562 0.01953
0 0.56250 0.44336 0.01562 0.01953
0 0.53594 0.44531 0.01562 0.01953
0 0.48594 0.51367 0.01562 0.01953
0 0.54844 0.47266 0.01562 0.01953
0 0.54219 0.50781 0.01562 0.01953
0 0.54844 0.53711 0.01562 0.01953
0 0.50781 0.54102 0.01562 0.01953
0 0.52812 0.54688 0.01562 0.01953
0 0.55625 0.57031 0.01562 0.01953
0 0.57344 0.54883 0.01562 0.01953
0 0.58281 0.52344 0.01562 0.01953
0 0.57188 0.48242 0.01562 0.01953
0 0.59219 0.44922 0.01562 0.01953
0 0.62031 0.44922 0.01562 0.01953
0 0.68281 0.43555 0.01562 0.01953
0 0.75313 0.46875 0.01562 0.01953
0 0.68906 0.48633 0.01562 0.01953
0 0.69063 0.52930 0.01562 0.01953
0 0.66094 0.50977 0.01562 0.01953
0 0.64141 0.48242 0.00156 0.00000
0 0.61406 0.48633 0.01562 0.01953
0 0.59219 0.50000 0.01562 0.01953
0 0.61406 0.51953 0.01562 0.01953
0 0.61406 0.55664 0.01562 0.01953
0 0.63906 0.56641 0.01562 0.01953
0 0.69375 0.57031 0.01562 0.01953
0 0.66094 0.59961 0.01562 0.01953
0 0.58594 0.57617 0.01562 0.01953
0 0.62031 0.60547 0.01562 0.01953
0 0.71406 0.67969 0.01562 0.01953
0 0.65000 0.64648 0.01562 0.01953
0 0.59688 0.60547 0.01562 0.01953
0 0.61719 0.64258 0.01562 0.01953
0 0.62500 0.67773 0.01562 0.01953
0 0.63281 0.74219 0.01562 0.01953
0 0.63594 0.81250 0.01562 0.01953
0 0.57812 0.63086 0.01562 0.01953
0 0.55469 0.60742 0.01562 0.01953
0 0.50781 0.63477 0.01562 0.01953
0 0.54219 0.63867 0.01562 0.01953
0 0.57969 0.66211 0.01562 0.01953
0 0.59844 0.68555 0.01562 0.01953
0 0.60469 0.73242 0.01562 0.01953
0 0.57656 0.70312 0.01562 0.01953
0 0.54375 0.68555 0.01562 0.01953
0 0.51875 0.67578 0.01562 0.01953
0 0.49062 0.67188 0.01562 0.01953
0 0.56563 0.73242 0.01562 0.01953
0 0.54219 0.73047 0.01562 0.01953
0 0.60625 0.78516 0.01562 0.01953
0 0.58125 0.77344 0.01562 0.01953
0 0.56406 0.76367 0.01562 0.01953
0 0.60625 0.83203 0.01562 0.01953
0 0.57031 0.80469 0.01562 0.01953
0 0.58750 0.88867 0.01562 0.01953
0 0.56094 0.84570 0.01562 0.01953
0 0.54688 0.79102 0.01562 0.01953
0 0.54063 0.75977 0.01562 0.01953
0 0.51719 0.75977 0.01562 0.01953
0 0.54375 0.90430 0.01562 0.01953
0 0.51719 0.83984 0.01562 0.01953
0 0.52031 0.80664 0.01562 0.01953
0 0.48281 0.75391 0.01562 0.01953
0 0.47031 0.78711 0.01562 0.01953
0 0.41250 0.98633 0.01562 0.01953
0 0.43906 0.97461 0.01562 0.01953
0 0.45781 0.93359 0.01562 0.01953
0 0.49531 0.95898 0.01562 0.01953
0 0.38594 0.94922 0.01562 0.01953
0 0.47969 0.90039 0.01562 0.01953
0 0.47969 0.84961 0.01562 0.01953
0 0.39687 0.91797 0.01562 0.01953
0 0.42500 0.85352 0.01562 0.01953
0 0.44844 0.86914 0.01562 0.01953
0 0.42031 0.94141 0.01562 0.01953
0 0.44375 0.90234 0.01562 0.01953
0 0.55469 0.98438 0.01562 0.01953
0 0.52969 0.94531 0.01562 0.01953
0 0.47344 0.98633 0.01562 0.01953
0 0.50000 0.87305 0.01562 0.01953
0 0.49375 0.82227 0.01562 0.01953
0 0.48438 0.78125 0.01562 0.01953
0 0.01094 0.22070 0.01562 0.01953
0 0.23906 0.00586 0.01562 0.01953
