0 0.32656 0.78906 0.01562 0.01953
0 0.35625 0.74219 0.01562 0.01953
0 0.39531 0.75586 0.01562 0.01953
0 0.59219 0.82617 0.01562 0.01953
0 0.65938 0.82031 0.01562 0.01953
0 0.80156 0.84570 0.01562 0.01953
0 0.93125 0.80469 0.01562 0.01953
0 0.75469 0.75195 0.01562 0.01953
0 0.66094 0.57617 0.01562 0.01953
0 0.76562 0.53516 0.01562 0.01953
0 0.59688 0.57422 0.01562 0.01953
0 0.59219 0.53711 0.01562 0.01953
0 0.76094 0.35547 0.01562 0.01953
0 0.95625 0.09375 0.01562 0.01953
0 0.62813 0.01172 0.01562 0.01953
0 0.88750 0.00781 0.01562 0.01953
