0 0.73750 0.32422 0.01562 0.01953
0 0.79063 0.28516 0.01562 0.01953
0 0.80469 0.33789 0.01562 0.01953
0 0.74844 0.37109 0.01562 0.01953
0 0.89375 0.15625 0.01562 0.01953
0 0.57656 0.12695 0.01562 0.01953
0 0.58125 0.17578 0.01562 0.01953
0 0.53906 0.15039 0.01562 0.01953
0 0.55937 0.19531 0.01562 0.01953
0 0.33906 0.19141 0.01562 0.01953
0 0.01094 0.09180 0.01562 0.01953
0 0.01094 0.20508 0.01562 0.01953
0 0.01562 0.70508 0.01562 0.01953
0 0.60781 0.79297 0.01562 0.01953
0 0.78594 0.75195 0.01562 0.01953
0 0.92812 0.19141 0.01562 0.01953
0 0.96562 0.12695 0.01562 0.01953
0 0.72188 0.11914 0.01562 0.01953
0 0.78125 0.05078 0.01562 0.01953
0 0.55469 0.35547 0.01562 0.01953
