0 0.53906 0.12500 0.01562 0.01953
0 0.57031 0.13477 0.01562 0.01953
0 0.54063 0.17578 0.01562 0.01953
0 0.74687 0.15039 0.01562 0.01953
0 0.47656 0.43359 0.01562 0.01953
0 0.51719 0.49414 0.01562 0.01953
0 0.20469 0.65039 0.01562 0.01953
0 0.79219 0.03906 0.01562 0.01953
0 0.82344 0.08008 0.01562 0.01953
0 0.01562 0.13281 0.01562 0.01953
0 0.00937 0.10352 0.01562 0.01953
0 0.36094 0.30664 0.01562 0.01953
0 0.07656 0.71875 0.01562 0.01953
0 0.56250 0.47070 0.01562 0.01953
0 0.91094 0.27930 0.01562 0.01953
0 0.47969 0.36523 0.01562 0.01953
0 0.50000 0.41602 0.01562 0.01953
0 0.71875 0.35547 0.01562 0.01953
