0 0.18438 0.14258 0.01562 0.01953
0 0.14219 0.15234 0.01562 0.01953
0 0.14375 0.09961 0.01562 0.01953
0 0.37969 0.02539 0.01562 0.01953
0 0.35469 0.15039 0.01562 0.01953
0 0.66875 0.21289 0.01562 0.01953
0 0.80469 0.34766 0.01562 0.01953
0 0.74844 0.35742 0.01562 0.01953
0 0.71094 0.39648 0.01562 0.01953
0 0.70469 0.44336 0.01562 0.01953
0 0.67812 0.45898 0.01562 0.01953
0 0.13906 0.53711 0.01562 0.01953
0 0.09375 0.49414 0.01562 0.01953
0 0.05625 0.42773 0.01562 0.01953
0 0.09062 0.40039 0.01562 0.01953
0 0.85156 0.09961 0.01562 0.01953
0 0.83437 0.13477 0.01562 0.01953
0 0.86406 0.01172 0.01562 0.01953
0 0.76875 0.05273 0.01562 0.01953
0 0.78594 0.01172 0.01562 0.01953
0 0.31719 0.36914 0.01562 0.01953
0 0.05156 0.33594 0.01562 0.01953
