0 0.05781 0.34570 0.01562 0.01953
0 0.02031 0.40820 0.01562 0.01953
0 0.09531 0.47266 0.01562 0.01953
0 0.16719 0.48438 0.01562 0.01953
0 0.17500 0.52344 0.01562 0.01953
0 0.22656 0.50000 0.01562 0.01953
0 0.26875 0.51758 0.01562 0.01953
0 0.31406 0.48047 0.01562 0.01953
0 0.29688 0.30664 0.01562 0.01953
0 0.43594 0.21094 0.01562 0.01953
0 0.59375 0.35547 0.01562 0.01953
0 0.60469 0.40625 0.01562 0.01953
0 0.87656 0.20703 0.01562 0.01953
0 0.44531 0.19141 0.01562 0.01953
0 0.78750 0.33984 0.01562 0.01953
