0 0.63125 0.01172 0.01562 0.01953
0 0.95937 0.09961 0.01562 0.01953
0 0.77656 0.36328 0.01562 0.01953
0 0.76562 0.55859 0.01562 0.01953
0 0.92656 0.80859 0.01562 0.01953
0 0.80156 0.84766 0.01562 0.01953
0 0.67188 0.84766 0.01562 0.01953
0 0.60625 0.81445 0.01562 0.01953
0 0.40000 0.75977 0.01562 0.01953
0 0.35469 0.75000 0.01562 0.01953
0 0.33125 0.78711 0.01562 0.01953
0 0.65469 0.56250 0.01562 0.01953
0 0.59062 0.57617 0.01562 0.01953
0 0.56875 0.56445 0.01562 0.01953
0 0.75938 0.74023 0.01562 0.01953
