0 0.08594 0.09570 0.01562 0.01953
0 0.04375 0.24609 0.01562 0.01953
0 0.14375 0.05469 0.01562 0.01953
0 0.19687 0.08984 0.01562 0.01953
0 0.32344 0.16992 0.01562 0.01953
0 0.33594 0.12891 0.01562 0.01953
0 0.39062 0.19336 0.01562 0.01953
0 0.47969 0.28320 0.01562 0.01953
0 0.85469 0.03320 0.01562 0.01953
0 0.95312 0.16016 0.01562 0.01953
0 0.97031 0.22070 0.01562 0.01953
0 0.84375 0.38281 0.01562 0.01953
0 0.85313 0.35938 0.01562 0.01953
0 0.87969 0.38672 0.01562 0.01953
0 0.90469 0.38867 0.01562 0.01953
0 0.92812 0.39062 0.01562 0.01953
0 0.94844 0.36914 0.01562 0.01953
0 0.97813 0.36523 0.01562 0.01953
0 0.00156 0.29102 0.01562 0.01953
