0 0.02031 0.13867 0.01562 0.01953
0 0.09688 0.14258 0.01562 0.01953
0 0.13437 0.13672 0.01562 0.01953
0 0.20781 0.08594 0.01562 0.01953
0 0.28594 0.02148 0.01562 0.01953
0 0.10625 0.06250 0.01562 0.01953
0 0.12031 0.04688 0.01562 0.01953
0 0.12812 0.03711 0.01562 0.01953
0 0.14531 0.03320 0.01562 0.01953
0 0.15313 0.01367 0.01562 0.01953
0 0.27500 0.00781 0.01562 0.01953
0 0.67031 0.11328 0.01562 0.01953
0 0.92812 0.39258 0.01562 0.01953
0 0.86094 0.53320 0.01562 0.01953
0 0.92188 0.73438 0.01562 0.01953
0 0.91094 0.89062 0.01562 0.01953
0 0.52031 0.87500 0.01562 0.01953
0 0.49219 0.85352 0.01562 0.01953
0 0.46719 0.87109 0.01562 0.01953
0 0.64531 0.66602 0.01562 0.01953
0 0.56406 0.51172 0.01562 0.01953
0 0.56719 0.54492 0.01562 0.01953
0 0.67188 0.47070 0.01562 0.01953
0 0.75625 0.47461 0.01562 0.01953
0 0.73750 0.40234 0.01562 0.01953
