0 0.00937 0.24414 0.01562 0.01953
0 0.04531 0.18359 0.01562 0.01953
0 0.03594 0.20117 0.01562 0.01953
0 0.06250 0.14648 0.01562 0.01953
0 0.10000 0.12109 0.01562 0.01953
0 0.01719 0.32617 0.01562 0.01953
0 0.05000 0.30273 0.01562 0.01953
0 0.10781 0.22656 0.01562 0.01953
0 0.15937 0.12500 0.01562 0.01953
0 0.18906 0.08203 0.01562 0.01953
0 0.07344 0.01758 0.01562 0.01953
0 0.12187 0.01172 0.01562 0.01953
0 0.58906 0.04688 0.01562 0.01953
0 0.87500 0.26562 0.01562 0.01953
0 0.84219 0.41797 0.01562 0.01953
0 0.80625 0.44727 0.01562 0.01953
0 0.79844 0.47852 0.01562 0.01953
0 0.95937 0.70508 0.01562 0.01953
0 0.57500 0.91602 0.01562 0.01953
0 0.55781 0.87695 0.01562 0.01953
0 0.52812 0.88867 0.01562 0.01953
0 0.61250 0.63672 0.01562 0.01953
0 0.63281 0.48242 0.01562 0.01953
0 0.54844 0.50391 0.01562 0.01953
0 0.51406 0.50781 0.01562 0.01953
0 0.02031 0.20898 0.01562 0.01953
0 0.17188 0.14258 0.01562 0.01953
