0 0.01094 0.25000 0.01562 0.01953
0 0.01875 0.21289 0.01562 0.01953
0 0.05000 0.18750 0.01562 0.01953
0 0.03594 0.20898 0.01562 0.01953
0 0.06719 0.15234 0.01562 0.01953
0 0.09844 0.13281 0.01562 0.01953
0 0.01875 0.33008 0.01562 0.01953
0 0.05000 0.30469 0.01562 0.01953
0 0.10938 0.23242 0.01562 0.01953
0 0.16406 0.13281 0.01562 0.01953
0 0.19375 0.08984 0.01562 0.01953
0 0.07969 0.02148 0.01562 0.01953
0 0.10625 0.03906 0.01562 0.01953
0 0.12656 0.00977 0.01562 0.01953
0 0.59688 0.03516 0.01562 0.01953
0 0.87500 0.26562 0.01562 0.01953
0 0.84375 0.41992 0.01562 0.01953
0 0.82969 0.47266 0.01562 0.01953
0 0.82031 0.49414 0.01562 0.01953
0 0.95469 0.69531 0.01562 0.01953
0 0.57344 0.91211 0.01562 0.01953
0 0.56250 0.88281 0.01562 0.01953
0 0.52812 0.89258 0.01562 0.01953
0 0.61562 0.64062 0.01562 0.01953
0 0.64375 0.49219 0.01562 0.01953
0 0.54844 0.51562 0.01562 0.01953
0 0.50625 0.50195 0.01562 0.01953
0 0.17813 0.16211 0.01562 0.01953
