0 0.50156 0.49414 0.01562 0.01953
0 0.02344 0.22656 0.01562 0.01953
0 0.01094 0.25977 0.01562 0.01953
0 0.04531 0.18750 0.01562 0.01953
0 0.07500 0.16211 0.01562 0.01953
0 0.05312 0.05469 0.01562 0.01953
0 0.08906 0.07227 0.01562 0.01953
0 0.10469 0.04688 0.01562 0.01953
0 0.01094 0.38086 0.01562 0.01953
0 0.03906 0.33789 0.01562 0.01953
0 0.09531 0.26562 0.01562 0.01953
0 0.14219 0.15820 0.01562 0.01953
0 0.16562 0.11523 0.01562 0.01953
0 0.21563 0.01562 0.01562 0.01953
0 0.54219 0.51172 0.01562 0.01953
0 0.62187 0.63477 0.01562 0.01953
0 0.59844 0.91406 0.01562 0.01953
0 0.57500 0.88867 0.01562 0.01953
0 0.54531 0.88477 0.01562 0.01953
0 0.96406 0.65625 0.01562 0.01953
0 0.82656 0.47656 0.01562 0.01953
0 0.83750 0.45898 0.01562 0.01953
0 0.83437 0.39453 0.01562 0.01953
0 0.86094 0.24023 0.01562 0.01953
0 0.65000 0.47852 0.01562 0.01953
0 0.57500 0.01953 0.01562 0.01953
0 0.16719 0.20703 0.01562 0.01953
