0 0.01719 0.24414 0.01562 0.01953
0 0.03594 0.20703 0.01562 0.01953
0 0.07187 0.17773 0.01562 0.01953
0 0.08750 0.28320 0.01562 0.01953
0 0.03125 0.36328 0.01562 0.01953
0 0.18125 0.26172 0.01562 0.01953
0 0.13594 0.17773 0.01562 0.01953
0 0.15937 0.13281 0.01562 0.01953
0 0.03750 0.07422 0.01562 0.01953
0 0.06875 0.09180 0.01562 0.01953
0 0.08438 0.05859 0.01562 0.01953
0 0.20000 0.02930 0.01562 0.01953
0 0.20781 0.00586 0.01562 0.01953
0 0.57500 0.00781 0.01562 0.01953
0 0.85000 0.23047 0.01562 0.01953
0 0.82812 0.39062 0.01562 0.01953
0 0.84531 0.45312 0.01562 0.01953
0 0.96875 0.63086 0.01562 0.01953
0 0.84062 0.47852 0.01562 0.01953
0 0.67188 0.45703 0.01562 0.01953
0 0.49844 0.47461 0.01562 0.01953
0 0.53750 0.52734 0.01562 0.01953
0 0.62500 0.63672 0.01562 0.01953
0 0.54375 0.89453 0.01562 0.01953
0 0.57500 0.90625 0.01562 0.01953
0 0.60313 0.91016 0.01562 0.01953
