0 0.03594 0.36719 0.01562 0.01953
0 0.08438 0.28516 0.01562 0.01953
0 0.20156 0.27734 0.01562 0.01953
0 0.13281 0.18359 0.01562 0.01953
0 0.15625 0.13281 0.01562 0.01953
0 0.01094 0.24805 0.01562 0.01953
0 0.04219 0.21484 0.01562 0.01953
0 0.07344 0.18750 0.01562 0.01953
0 0.03594 0.07617 0.01562 0.01953
0 0.07344 0.09180 0.01562 0.01953
0 0.08438 0.06055 0.01562 0.01953
0 0.20000 0.03320 0.01562 0.01953
0 0.20469 0.00586 0.01562 0.01953
0 0.57812 0.00391 0.01562 0.01953
0 0.51562 0.46875 0.01562 0.01953
0 0.53906 0.53320 0.01562 0.01953
0 0.62344 0.63672 0.01562 0.01953
0 0.53750 0.89844 0.01562 0.01953
0 0.57500 0.91992 0.01562 0.01953
0 0.60313 0.91016 0.01562 0.01953
0 0.96875 0.61328 0.01562 0.01953
0 0.84688 0.47852 0.01562 0.01953
0 0.84844 0.45508 0.01562 0.01953
0 0.82812 0.39648 0.01562 0.01953
0 0.68750 0.44727 0.01562 0.01953
0 0.85000 0.23242 0.01562 0.01953
