0 0.02813 0.39258 0.01562 0.01953
0 0.07656 0.31055 0.01562 0.01953
0 0.21250 0.30273 0.01562 0.01953
0 0.11406 0.20117 0.01562 0.01953
0 0.14062 0.15430 0.01562 0.01953
0 0.05469 0.21289 0.01562 0.01953
0 0.02656 0.24023 0.01562 0.01953
0 0.00937 0.27930 0.01562 0.01953
0 0.02344 0.10938 0.01562 0.01953
0 0.05625 0.11914 0.01562 0.01953
0 0.06719 0.08984 0.01562 0.01953
0 0.17969 0.05078 0.01562 0.01953
0 0.18594 0.02148 0.01562 0.01953
0 0.52969 0.46289 0.01562 0.01953
0 0.53906 0.52539 0.01562 0.01953
0 0.62813 0.62891 0.01562 0.01953
0 0.61094 0.89258 0.01562 0.01953
0 0.58281 0.91406 0.01562 0.01953
0 0.54531 0.89062 0.01562 0.01953
0 0.71562 0.41602 0.01562 0.01953
0 0.82188 0.37500 0.01562 0.01953
0 0.84219 0.21094 0.01562 0.01953
0 0.86094 0.42383 0.01562 0.01953
0 0.86094 0.45703 0.01562 0.01953
0 0.97656 0.55859 0.01562 0.01953
