0 0.36406 0.37109 0.01562 0.01953
0 0.37656 0.33984 0.01562 0.01953
0 0.40937 0.37891 0.01562 0.01953
0 0.62031 0.19141 0.01562 0.01953
0 0.63750 0.21875 0.01562 0.01953
0 0.66719 0.25586 0.01562 0.01953
0 0.76406 0.29883 0.01562 0.01953
0 0.80156 0.48242 0.01562 0.01953
0 0.87813 0.47461 0.01562 0.01953
0 0.95781 0.42578 0.01562 0.01953
0 0.70469 0.78906 0.01562 0.01953
0 0.76094 0.98242 0.01562 0.01953
0 0.73438 0.98242 0.01562 0.01953
0 0.87187 0.98633 0.01562 0.01953
0 0.97344 0.95508 0.01562 0.01953
0 0.99375 0.94141 0.01562 0.01953
