0 0.01406 0.11133 0.01562 0.01953
0 0.07031 0.10156 0.01562 0.01953
0 0.05156 0.12695 0.01562 0.01953
0 0.13594 0.15820 0.01562 0.01953
0 0.11406 0.21289 0.01562 0.01953
0 0.05156 0.20898 0.01562 0.01953
0 0.02344 0.24414 0.01562 0.01953
0 0.00937 0.28516 0.01562 0.01953
0 0.07656 0.32031 0.01562 0.01953
0 0.02656 0.39844 0.01562 0.01953
0 0.17656 0.05859 0.01562 0.01953
0 0.18125 0.02539 0.01562 0.01953
0 0.20156 0.00195 0.01562 0.01953
0 0.22969 0.29297 0.01562 0.01953
0 0.54688 0.89648 0.01562 0.01953
0 0.57812 0.91992 0.01562 0.01953
0 0.60781 0.88867 0.01562 0.01953
0 0.63281 0.63477 0.01562 0.01953
0 0.54063 0.52148 0.01562 0.01953
0 0.53906 0.47070 0.01562 0.01953
0 0.73750 0.41797 0.01562 0.01953
0 0.82031 0.37305 0.01562 0.01953
0 0.87500 0.42383 0.01562 0.01953
0 0.87813 0.46875 0.01562 0.01953
0 0.97188 0.54883 0.01562 0.01953
0 0.84062 0.20898 0.01562 0.01953
