0 0.06250 0.09570 0.01562 0.01953
0 0.05000 0.12695 0.01562 0.01953
0 0.01719 0.11523 0.01562 0.01953
0 0.17813 0.06055 0.01562 0.01953
0 0.18438 0.03125 0.01562 0.01953
0 0.20156 0.00586 0.01562 0.01953
0 0.13750 0.16406 0.01562 0.01953
0 0.11875 0.21680 0.01562 0.01953
0 0.05469 0.21875 0.01562 0.01953
0 0.02500 0.24805 0.01562 0.01953
0 0.00937 0.28906 0.01562 0.01953
0 0.07969 0.32422 0.01562 0.01953
0 0.03125 0.40430 0.01562 0.01953
0 0.23906 0.28906 0.01562 0.01953
0 0.55312 0.47461 0.01562 0.01953
0 0.54375 0.53125 0.01562 0.01953
0 0.63281 0.62891 0.01562 0.01953
0 0.54531 0.89844 0.01562 0.01953
0 0.57188 0.93164 0.01562 0.01953
0 0.60469 0.89258 0.01562 0.01953
0 0.97031 0.53711 0.01562 0.01953
0 0.89375 0.48438 0.01562 0.01953
0 0.89531 0.42188 0.01562 0.01953
0 0.82344 0.37500 0.01562 0.01953
0 0.75000 0.42969 0.01562 0.01953
0 0.84062 0.21484 0.01562 0.01953
