0 0.08125 0.28906 0.01562 0.01953
0 0.10000 0.23242 0.01562 0.01953
0 0.00937 0.33594 0.01562 0.01953
0 0.12187 0.11719 0.01562 0.01953
0 0.12812 0.09180 0.01562 0.01953
0 0.13594 0.06055 0.01562 0.01953
0 0.05156 0.39844 0.01562 0.01953
0 0.21250 0.33789 0.01562 0.01953
0 0.53438 0.53125 0.01562 0.01953
0 0.54375 0.47266 0.01562 0.01953
0 0.63750 0.58594 0.01562 0.01953
0 0.58750 0.89844 0.01562 0.01953
0 0.61406 0.91797 0.01562 0.01953
0 0.63750 0.86133 0.01562 0.01953
0 0.72813 0.39453 0.01562 0.01953
0 0.95625 0.44336 0.01562 0.01953
0 0.88750 0.43555 0.01562 0.01953
0 0.88438 0.36328 0.01562 0.01953
0 0.79688 0.32227 0.01562 0.01953
0 0.79844 0.16016 0.01562 0.01953
