0 0.00625 0.36523 0.01562 0.01953
0 0.05312 0.33789 0.01562 0.01953
0 0.06406 0.28711 0.01562 0.01953
0 0.09219 0.17383 0.01562 0.01953
0 0.08750 0.14258 0.01562 0.01953
0 0.09844 0.10352 0.01562 0.01953
0 0.03750 0.45312 0.01562 0.01953
0 0.00937 0.55469 0.01562 0.01953
0 0.22187 0.35156 0.01562 0.01953
0 0.53594 0.44922 0.01562 0.01953
0 0.52656 0.53516 0.01562 0.01953
0 0.63906 0.49219 0.01562 0.01953
0 0.65938 0.39844 0.01562 0.01953
0 0.77187 0.28906 0.01562 0.01953
0 0.76250 0.12695 0.01562 0.01953
0 0.89062 0.34180 0.01562 0.01953
0 0.94688 0.40430 0.01562 0.01953
0 0.88438 0.42578 0.01562 0.01953
0 0.65000 0.84961 0.01562 0.01953
0 0.59844 0.90234 0.01562 0.01953
0 0.62969 0.92969 0.01562 0.01953
