0 0.00469 0.36523 0.01562 0.01953
0 0.03906 0.46094 0.01562 0.01953
0 0.05625 0.34375 0.01562 0.01953
0 0.07031 0.28320 0.01562 0.01953
0 0.09062 0.17188 0.01562 0.01953
0 0.09062 0.14258 0.01562 0.01953
0 0.10312 0.10742 0.01562 0.01953
0 0.00937 0.55078 0.01562 0.01953
0 0.52344 0.52930 0.01562 0.01953
0 0.52969 0.42188 0.01562 0.01953
0 0.63594 0.40039 0.01562 0.01953
0 0.64844 0.46680 0.01562 0.01953
0 0.77187 0.29102 0.01562 0.01953
0 0.76250 0.12891 0.01562 0.01953
0 0.89531 0.35352 0.01562 0.01953
0 0.94531 0.40234 0.01562 0.01953
0 0.88125 0.42188 0.01562 0.01953
0 0.65000 0.85156 0.01562 0.01953
0 0.59844 0.90234 0.01562 0.01953
0 0.62187 0.94141 0.01562 0.01953
0 0.23750 0.35547 0.01562 0.01953
