0 0.10469 0.11328 0.01562 0.01953
0 0.09375 0.14648 0.01562 0.01953
0 0.09219 0.17578 0.01562 0.01953
0 0.06875 0.29297 0.01562 0.01953
0 0.06094 0.34766 0.01562 0.01953
0 0.04063 0.46094 0.01562 0.01953
0 0.24844 0.34961 0.01562 0.01953
0 0.52500 0.36914 0.01562 0.01953
0 0.60781 0.40234 0.01562 0.01953
0 0.65312 0.45312 0.01562 0.01953
0 0.52656 0.54102 0.01562 0.01953
0 0.65000 0.85938 0.01562 0.01953
0 0.60000 0.90820 0.01562 0.01953
0 0.62031 0.94336 0.01562 0.01953
0 0.88125 0.42969 0.01562 0.01953
0 0.94531 0.41211 0.01562 0.01953
0 0.89531 0.36523 0.01562 0.01953
0 0.77500 0.29102 0.01562 0.01953
0 0.76250 0.13477 0.01562 0.01953
0 0.00625 0.55469 0.01562 0.01953
