0 0.03125 0.20312 0.01562 0.01953
0 0.02969 0.25000 0.01562 0.01953
0 0.03125 0.28125 0.01562 0.01953
0 0.03125 0.39062 0.01562 0.01953
0 0.02656 0.45312 0.01562 0.01953
0 0.02813 0.57031 0.01562 0.01953
0 0.00937 0.67383 0.01562 0.01953
0 0.22187 0.39062 0.01562 0.01953
0 0.49375 0.30078 0.01562 0.01953
0 0.54375 0.36523 0.01562 0.01953
0 0.63594 0.40234 0.01562 0.01953
0 0.52344 0.52930 0.01562 0.01953
0 0.42188 0.95703 0.01562 0.01953
0 0.63906 0.87695 0.01562 0.01953
0 0.66563 0.89844 0.01562 0.01953
0 0.68750 0.83398 0.01562 0.01953
0 0.85000 0.33984 0.01562 0.01953
0 0.85469 0.28320 0.01562 0.01953
0 0.91406 0.31250 0.01562 0.01953
0 0.72188 0.22656 0.01562 0.01953
0 0.68594 0.07227 0.01562 0.01953
0 0.99219 0.23047 0.01562 0.01953
