0 0.03125 0.21289 0.01562 0.01953
0 0.02813 0.25195 0.01562 0.01953
0 0.03281 0.28320 0.01562 0.01953
0 0.03438 0.39258 0.01562 0.01953
0 0.02969 0.45508 0.01562 0.01953
0 0.02656 0.57031 0.01562 0.01953
0 0.21563 0.38477 0.01562 0.01953
0 0.52187 0.53125 0.01562 0.01953
0 0.40156 0.91016 0.01562 0.01953
0 0.64219 0.87305 0.01562 0.01953
0 0.65938 0.89844 0.01562 0.01953
0 0.68750 0.84375 0.01562 0.01953
0 0.70625 0.99805 0.01562 0.01953
0 0.64531 0.39648 0.01562 0.01953
0 0.52031 0.33398 0.01562 0.01953
0 0.51875 0.22461 0.01562 0.01953
0 0.68906 0.07617 0.01562 0.01953
0 0.72188 0.23242 0.01562 0.01953
0 0.84844 0.34180 0.01562 0.01953
0 0.85156 0.29297 0.01562 0.01953
0 0.90938 0.31250 0.01562 0.01953
0 0.97188 0.23438 0.01562 0.01953
