0 0.36562 0.37695 0.01562 0.01953
0 0.37344 0.34570 0.01562 0.01953
0 0.41250 0.38281 0.01562 0.01953
0 0.65938 0.25586 0.01562 0.01953
0 0.63750 0.21680 0.01562 0.01953
0 0.62031 0.19922 0.01562 0.01953
0 0.75938 0.31055 0.01562 0.01953
0 0.86875 0.47461 0.01562 0.01953
0 0.96094 0.42773 0.01562 0.01953
0 0.79219 0.49023 0.01562 0.01953
0 0.70937 0.79297 0.01562 0.01953
0 0.97344 0.96484 0.01562 0.01953
0 0.99219 0.94336 0.01562 0.01953
0 0.87344 0.99023 0.01562 0.01953
0 0.78594 0.99219 0.01562 0.01953
