0 0.01875 0.47070 0.01562 0.01953
0 0.10938 0.69141 0.01562 0.01953
0 0.01094 0.70312 0.01562 0.01953
0 0.00313 0.65625 0.01562 0.01953
0 0.04531 0.82422 0.01562 0.01953
0 0.06094 0.92578 0.01562 0.01953
0 0.05937 0.98047 0.01562 0.01953
0 0.34687 0.53125 0.01562 0.01953
0 0.70469 0.80469 0.01562 0.01953
0 0.72656 0.78516 0.01562 0.01953
0 0.75000 0.80273 0.01562 0.01953
0 0.85313 0.29297 0.01562 0.01953
0 0.76406 0.20898 0.01562 0.01953
0 0.80625 0.12695 0.01562 0.01953
0 0.76094 0.10352 0.01562 0.01953
0 0.70781 0.14844 0.01562 0.01953
0 0.59688 0.13672 0.01562 0.01953
0 0.49844 0.21875 0.01562 0.01953
0 0.67500 0.04297 0.01562 0.01953
0 0.50938 0.01172 0.01562 0.01953
0 0.96250 0.02930 0.01562 0.01953
0 0.94063 0.00977 0.01562 0.01953
0 0.05469 0.01367 0.01562 0.01953
0 0.47344 0.51758 0.01562 0.01953
