0 0.06719 0.46484 0.01562 0.01953
0 0.23750 0.55469 0.01562 0.01953
0 0.46094 0.51172 0.01562 0.01953
0 0.77344 0.26758 0.01562 0.01953
0 0.77344 0.21875 0.01562 0.01953
0 0.81406 0.14258 0.01562 0.01953
0 0.75156 0.12500 0.01562 0.01953
0 0.72031 0.18164 0.01562 0.01953
0 0.64375 0.11523 0.01562 0.01953
0 0.59375 0.14453 0.01562 0.01953
0 0.50000 0.22070 0.01562 0.01953
0 0.51250 0.01367 0.01562 0.01953
0 0.95937 0.03906 0.01562 0.01953
0 0.93594 0.01367 0.01562 0.01953
0 0.71562 0.79297 0.01562 0.01953
0 0.72188 0.82422 0.01562 0.01953
0 0.68906 0.80273 0.01562 0.01953
0 0.03281 0.80859 0.01562 0.01953
0 0.05156 0.91211 0.01562 0.01953
0 0.04688 0.96875 0.01562 0.01953
