0 0.02969 0.11523 0.01562 0.01953
0 0.02031 0.15430 0.01562 0.01953
0 0.01719 0.18359 0.01562 0.01953
0 0.08125 0.27734 0.01562 0.01953
0 0.00781 0.30859 0.01562 0.01953
0 0.00469 0.36328 0.01562 0.01953
0 0.22969 0.24414 0.01562 0.01953
0 0.47656 0.49805 0.01562 0.01953
0 0.55000 0.90430 0.01562 0.01953
0 0.58281 0.89844 0.01562 0.01953
0 0.57344 0.93359 0.01562 0.01953
0 0.91875 0.87305 0.01562 0.01953
0 0.93594 0.39453 0.01562 0.01953
0 0.85625 0.46680 0.01562 0.01953
0 0.86562 0.41797 0.01562 0.01953
0 0.85156 0.37695 0.01562 0.01953
0 0.71562 0.33203 0.01562 0.01953
0 0.70312 0.30273 0.01562 0.01953
0 0.73750 0.26562 0.01562 0.01953
0 0.61875 0.26367 0.01562 0.01953
0 0.71875 0.09766 0.01562 0.01953
