0 0.02969 0.11523 0.01562 0.01953
0 0.01875 0.15625 0.01562 0.01953
0 0.02187 0.18359 0.01562 0.01953
0 0.03125 0.24414 0.01562 0.01953
0 0.01094 0.30469 0.01562 0.01953
0 0.00313 0.35938 0.01562 0.01953
0 0.23594 0.23828 0.01562 0.01953
0 0.55312 0.90625 0.01562 0.01953
0 0.57969 0.89844 0.01562 0.01953
0 0.57500 0.93164 0.01562 0.01953
0 0.89687 0.86914 0.01562 0.01953
0 0.85313 0.46875 0.01562 0.01953
0 0.90000 0.43359 0.01562 0.01953
0 0.93906 0.39648 0.01562 0.01953
0 0.86250 0.38086 0.01562 0.01953
0 0.70469 0.32031 0.01562 0.01953
0 0.73750 0.26562 0.01562 0.01953
0 0.60625 0.25391 0.01562 0.01953
0 0.71875 0.09766 0.01562 0.01953
0 0.47813 0.50195 0.01562 0.01953
