0 0.03125 0.11523 0.01562 0.01953
0 0.02187 0.15820 0.01562 0.01953
0 0.02187 0.18359 0.01562 0.01953
0 0.24375 0.23828 0.01562 0.01953
0 0.01250 0.30664 0.01562 0.01953
0 0.00313 0.36328 0.01562 0.01953
0 0.47969 0.50000 0.01562 0.01953
0 0.58594 0.89648 0.01562 0.01953
0 0.55156 0.90430 0.01562 0.01953
0 0.57812 0.93555 0.01562 0.01953
0 0.87500 0.86914 0.01562 0.01953
0 0.84844 0.48047 0.01562 0.01953
0 0.87656 0.38477 0.01562 0.01953
0 0.94375 0.39648 0.01562 0.01953
0 0.92969 0.44141 0.01562 0.01953
0 0.69531 0.32227 0.01562 0.01953
0 0.66719 0.30273 0.01562 0.01953
0 0.73906 0.26367 0.01562 0.01953
0 0.59375 0.21680 0.01562 0.01953
0 0.72188 0.09961 0.01562 0.01953
