0 0.72344 0.09766 0.01562 0.01953
0 0.73906 0.26562 0.01562 0.01953
0 0.87969 0.38086 0.01562 0.01953
0 0.94063 0.39453 0.01562 0.01953
0 0.94531 0.45312 0.01562 0.01953
0 0.84688 0.47461 0.01562 0.01953
0 0.85625 0.86133 0.01562 0.01953
0 0.57812 0.89258 0.01562 0.01953
0 0.55312 0.90430 0.01562 0.01953
0 0.57500 0.92773 0.01562 0.01953
0 0.01406 0.78711 0.01562 0.01953
0 0.24375 0.23047 0.01562 0.01953
0 0.57656 0.18945 0.01562 0.01953
0 0.66406 0.30664 0.01562 0.01953
0 0.69219 0.32422 0.01562 0.01953
0 0.47969 0.50391 0.01562 0.01953
0 0.03125 0.11328 0.01562 0.01953
0 0.02187 0.15625 0.01562 0.01953
0 0.01875 0.18750 0.01562 0.01953
0 0.00937 0.30273 0.01562 0.01953
0 0.00313 0.36328 0.01562 0.01953
