0 0.36406 0.37891 0.01562 0.01953
0 0.37656 0.35156 0.01562 0.01953
0 0.41094 0.39062 0.01562 0.01953
0 0.71250 0.80078 0.01562 0.01953
0 0.78125 0.49023 0.01562 0.01953
0 0.85156 0.48633 0.01562 0.01953
0 0.96250 0.43359 0.01562 0.01953
0 0.75781 0.32031 0.01562 0.01953
0 0.63594 0.25000 0.01562 0.01953
0 0.63438 0.22070 0.01562 0.01953
0 0.63906 0.19531 0.01562 0.01953
0 0.46250 0.00781 0.01562 0.01953
0 0.98906 0.94922 0.01562 0.01953
0 0.97031 0.95703 0.01562 0.01953
0 0.87344 0.99414 0.01562 0.01953
0 0.73281 0.98633 0.01562 0.01953
