0 0.03750 0.09570 0.01562 0.01953
0 0.02813 0.13477 0.01562 0.01953
0 0.01875 0.16406 0.01562 0.01953
0 0.01406 0.29102 0.01562 0.01953
0 0.00625 0.34766 0.01562 0.01953
0 0.23438 0.08789 0.01562 0.01953
0 0.48906 0.48438 0.01562 0.01953
0 0.70312 0.36133 0.01562 0.01953
0 0.71875 0.37305 0.01562 0.01953
0 0.70781 0.22656 0.01562 0.01953
0 0.72500 0.08008 0.01562 0.01953
0 0.60000 0.79492 0.01562 0.01953
0 0.52344 0.86914 0.01562 0.01953
0 0.57969 0.88867 0.01562 0.01953
0 0.76719 0.85742 0.01562 0.01953
0 0.85469 0.46094 0.01562 0.01953
0 0.89219 0.35742 0.01562 0.01953
0 0.95000 0.39062 0.01562 0.01953
0 0.97031 0.45703 0.01562 0.01953
