0 0.03750 0.09180 0.01562 0.01953
0 0.02969 0.13672 0.01562 0.01953
0 0.03125 0.16602 0.01562 0.01953
0 0.01875 0.28320 0.01562 0.01953
0 0.00625 0.33984 0.01562 0.01953
0 0.60469 0.11133 0.01562 0.01953
0 0.72500 0.07422 0.01562 0.01953
0 0.89531 0.37109 0.01562 0.01953
0 0.95000 0.38672 0.01562 0.01953
0 0.92188 0.47656 0.01562 0.01953
0 0.85781 0.45703 0.01562 0.01953
0 0.72188 0.57812 0.01562 0.01953
0 0.70000 0.53906 0.01562 0.01953
0 0.62187 0.75391 0.01562 0.01953
0 0.56563 0.74805 0.01562 0.01953
0 0.57656 0.80664 0.01562 0.01953
0 0.72188 0.89648 0.01562 0.01953
0 0.48750 0.48242 0.01562 0.01953
0 0.23594 0.00781 0.01562 0.01953
