0 0.03906 0.09375 0.01562 0.01953
0 0.02656 0.13477 0.01562 0.01953
0 0.02813 0.16602 0.01562 0.01953
0 0.01562 0.28516 0.01562 0.01953
0 0.00781 0.34570 0.01562 0.01953
0 0.59219 0.09961 0.01562 0.01953
0 0.72344 0.08008 0.01562 0.01953
0 0.89687 0.37305 0.01562 0.01953
0 0.94844 0.39453 0.01562 0.01953
0 0.91875 0.48047 0.01562 0.01953
0 0.85625 0.46094 0.01562 0.01953
0 0.71719 0.61523 0.01562 0.01953
0 0.69375 0.58398 0.01562 0.01953
0 0.62344 0.76562 0.01562 0.01953
0 0.57812 0.79492 0.01562 0.01953
0 0.53750 0.74219 0.01562 0.01953
0 0.71719 0.87500 0.01562 0.01953
