0 0.03750 0.09570 0.01562 0.01953
0 0.02500 0.13867 0.01562 0.01953
0 0.02969 0.16992 0.01562 0.01953
0 0.01406 0.28906 0.01562 0.01953
0 0.00625 0.34375 0.01562 0.01953
0 0.00469 0.58984 0.01562 0.01953
0 0.25625 0.01758 0.01562 0.01953
0 0.57969 0.08984 0.01562 0.01953
0 0.71875 0.08203 0.01562 0.01953
0 0.89531 0.37500 0.01562 0.01953
0 0.95000 0.39453 0.01562 0.01953
0 0.92031 0.48242 0.01562 0.01953
0 0.85625 0.46484 0.01562 0.01953
0 0.72344 0.65820 0.01562 0.01953
0 0.68906 0.63477 0.01562 0.01953
0 0.62344 0.77148 0.01562 0.01953
0 0.71250 0.84766 0.01562 0.01953
0 0.56875 0.78906 0.01562 0.01953
0 0.50625 0.73633 0.01562 0.01953
0 0.48594 0.48828 0.01562 0.01953
