0 0.41250 0.30859 0.01562 0.01953
0 0.51406 0.02344 0.01562 0.01953
0 0.45781 0.01367 0.01562 0.01953
0 0.43906 0.53516 0.01562 0.01953
0 0.54219 0.57031 0.01562 0.01953
0 0.63438 0.49023 0.01562 0.01953
0 0.98750 0.62109 0.01562 0.01953
0 0.92188 0.72852 0.01562 0.01953
0 0.90156 0.82617 0.01562 0.01953
0 0.37344 0.89453 0.01562 0.01953
0 0.34844 0.88086 0.01562 0.01953
0 0.36719 0.85547 0.01562 0.01953
0 0.97031 0.02539 0.01562 0.01953
0 0.89219 0.00977 0.01562 0.01953
0 0.86250 0.00586 0.01562 0.01953
