0 0.46250 0.01172 0.01562 0.01953
0 0.45312 0.17188 0.01562 0.01953
0 0.45312 0.38086 0.01562 0.01953
0 0.53281 0.59180 0.01562 0.01953
0 0.63750 0.46875 0.01562 0.01953
0 0.44375 0.80273 0.01562 0.01953
0 0.38125 0.90039 0.01562 0.01953
0 0.34063 0.88672 0.01562 0.01953
0 0.56563 0.96680 0.01562 0.01953
0 0.90469 0.83398 0.01562 0.01953
0 0.92500 0.73633 0.01562 0.01953
0 0.87187 0.63281 0.01562 0.01953
0 0.86406 0.00781 0.01562 0.01953
0 0.99531 0.12891 0.01562 0.01953
0 0.82188 0.00391 0.01562 0.01953
