0 0.29531 0.58594 0.01562 0.01953
0 0.20625 0.77930 0.01562 0.01953
0 0.16875 0.89062 0.01562 0.01953
0 0.13437 0.87695 0.01562 0.01953
0 0.69844 0.79883 0.01562 0.01953
0 0.70469 0.73047 0.01562 0.01953
0 0.87031 0.98828 0.01562 0.01953
0 0.86406 0.94727 0.01562 0.01953
0 0.95469 0.44922 0.01562 0.01953
0 0.90469 0.35547 0.01562 0.01953
0 0.72969 0.29883 0.01562 0.01953
0 0.26406 0.09766 0.01562 0.01953
0 0.31250 0.00977 0.01562 0.01953
0 0.76250 0.08203 0.01562 0.01953
0 0.42031 0.98242 0.01562 0.01953
0 0.18281 0.42578 0.01562 0.01953
0 0.44688 0.41016 0.01562 0.01953
