0 0.13906 0.37109 0.01562 0.01953
0 0.45000 0.41211 0.01562 0.01953
0 0.75313 0.38672 0.01562 0.01953
0 0.91719 0.35156 0.01562 0.01953
0 0.96562 0.47070 0.01562 0.01953
0 0.70937 0.74219 0.01562 0.01953
0 0.70156 0.80078 0.01562 0.01953
0 0.90000 0.90625 0.01562 0.01953
0 0.90625 0.96289 0.01562 0.01953
0 0.30156 0.58594 0.01562 0.01953
0 0.18906 0.81641 0.01562 0.01953
0 0.17656 0.89062 0.01562 0.01953
0 0.13906 0.88086 0.01562 0.01953
0 0.41875 0.92969 0.01562 0.01953
0 0.27031 0.10352 0.01562 0.01953
0 0.23125 0.01758 0.01562 0.01953
0 0.31562 0.00781 0.01562 0.01953
0 0.76406 0.08789 0.01562 0.01953
