0 0.27656 0.10742 0.01562 0.01953
0 0.32031 0.01367 0.01562 0.01953
0 0.22969 0.02148 0.01562 0.01953
0 0.10312 0.33789 0.01562 0.01953
0 0.45625 0.41602 0.01562 0.01953
0 0.30312 0.59180 0.01562 0.01953
0 0.17656 0.83008 0.01562 0.01953
0 0.17969 0.89453 0.01562 0.01953
0 0.14688 0.88477 0.01562 0.01953
0 0.41563 0.90234 0.01562 0.01953
0 0.70625 0.80273 0.01562 0.01953
0 0.71406 0.74219 0.01562 0.01953
0 0.92969 0.93750 0.01562 0.01953
0 0.91719 0.88867 0.01562 0.01953
0 0.96719 0.48242 0.01562 0.01953
0 0.92031 0.35352 0.01562 0.01953
0 0.76250 0.41406 0.01562 0.01953
0 0.76719 0.09570 0.01562 0.01953
