0 0.97344 0.14453 0.01562 0.01953
0 0.94063 0.11133 0.01562 0.01953
0 0.92031 0.09180 0.01562 0.01953
0 0.90156 0.06055 0.01562 0.01953
0 0.87813 0.08398 0.01562 0.01953
0 0.85000 0.02734 0.01562 0.01953
0 0.66563 0.39258 0.01562 0.01953
0 0.68594 0.48633 0.01562 0.01953
0 0.72031 0.75781 0.01562 0.01953
0 0.74062 0.79688 0.01562 0.01953
0 0.42344 0.80859 0.01562 0.01953
0 0.53125 0.46289 0.01562 0.01953
0 0.09531 0.68555 0.01562 0.01953
0 0.15469 0.39648 0.01562 0.01953
0 0.00781 0.59375 0.01562 0.01953
0 0.03125 0.07227 0.01562 0.01953
0 0.01094 0.11328 0.01562 0.01953
0 0.04688 0.01172 0.01562 0.01953
0 0.78594 0.03711 0.01562 0.01953
