0 0.37969 0.77539 0.01562 0.01953
0 0.52500 0.50781 0.01562 0.01953
0 0.66250 0.48242 0.01562 0.01953
0 0.65625 0.44531 0.01562 0.01953
0 0.72813 0.69922 0.01562 0.01953
0 0.74375 0.73438 0.01562 0.01953
0 0.95781 0.16992 0.01562 0.01953
0 0.93437 0.13867 0.01562 0.01953
0 0.91875 0.12305 0.01562 0.01953
0 0.89062 0.08008 0.01562 0.01953
0 0.85156 0.03320 0.01562 0.01953
0 0.78750 0.03125 0.01562 0.01953
0 0.01094 0.03711 0.01562 0.01953
0 0.03594 0.01562 0.01562 0.01953
0 0.13906 0.33203 0.01562 0.01953
0 0.04688 0.53711 0.01562 0.01953
