0 0.37188 0.74023 0.01562 0.01953
0 0.52031 0.52539 0.01562 0.01953
0 0.67500 0.47070 0.01562 0.01953
0 0.67969 0.49414 0.01562 0.01953
0 0.75625 0.67578 0.01562 0.01953
0 0.77031 0.72461 0.01562 0.01953
0 0.05000 0.40039 0.01562 0.01953
0 0.01094 0.43555 0.01562 0.01953
0 0.16875 0.27734 0.01562 0.01953
0 0.89531 0.00977 0.01562 0.01953
0 0.90781 0.07812 0.01562 0.01953
0 0.94531 0.12305 0.01562 0.01953
0 0.96562 0.16211 0.01562 0.01953
0 0.98281 0.17969 0.01562 0.01953
0 0.98906 0.21875 0.01562 0.01953
0 0.83750 0.05469 0.01562 0.01953
0 0.83750 0.00977 0.01562 0.01953
