0 0.03281 0.35547 0.01562 0.01953
0 0.06563 0.23633 0.01562 0.01953
0 0.21094 0.22266 0.01562 0.01953
0 0.49688 0.47656 0.01562 0.01953
0 0.68594 0.50781 0.01562 0.01953
0 0.80312 0.67188 0.01562 0.01953
0 0.81406 0.73047 0.01562 0.01953
0 0.37188 0.67773 0.01562 0.01953
0 0.35938 0.72070 0.01562 0.01953
0 0.84688 0.00977 0.01562 0.01953
0 0.87187 0.02734 0.01562 0.01953
0 0.90000 0.06641 0.01562 0.01953
0 0.99062 0.19922 0.01562 0.01953
0 0.96094 0.14258 0.01562 0.01953
0 0.94844 0.08203 0.01562 0.01953
0 0.89844 0.11719 0.01562 0.01953
