0 0.90312 0.11914 0.01562 0.01953
0 0.84531 0.00781 0.01562 0.01953
0 0.88438 0.02539 0.01562 0.01953
0 0.90469 0.06250 0.01562 0.01953
0 0.95937 0.05859 0.01562 0.01953
0 0.95781 0.14258 0.01562 0.01953
0 0.98594 0.20117 0.01562 0.01953
0 0.81563 0.65820 0.01562 0.01953
0 0.82969 0.71875 0.01562 0.01953
0 0.68125 0.51172 0.01562 0.01953
0 0.49375 0.45117 0.01562 0.01953
0 0.36406 0.67969 0.01562 0.01953
0 0.35781 0.72266 0.01562 0.01953
0 0.02656 0.35742 0.01562 0.01953
0 0.06250 0.20703 0.01562 0.01953
0 0.20625 0.22461 0.01562 0.01953
