0 0.35156 0.71094 0.01562 0.01953
0 0.87187 0.02344 0.01562 0.01953
0 0.90000 0.05273 0.01562 0.01953
0 0.91719 0.14258 0.01562 0.01953
0 0.92500 0.09180 0.01562 0.01953
0 0.97188 0.10938 0.01562 0.01953
0 0.98750 0.17188 0.01562 0.01953
0 0.99375 0.24023 0.01562 0.01953
0 0.85156 0.66016 0.01562 0.01953
0 0.86406 0.70312 0.01562 0.01953
0 0.68594 0.52539 0.01562 0.01953
0 0.49375 0.39258 0.01562 0.01953
0 0.02969 0.33203 0.01562 0.01953
0 0.21875 0.19727 0.01562 0.01953
0 0.07969 0.10938 0.01562 0.01953
0 0.37344 0.68359 0.01562 0.01953
