0 0.34375 0.69922 0.01562 0.01953
0 0.89375 0.05078 0.01562 0.01953
0 0.92188 0.08203 0.01562 0.01953
0 0.94531 0.12109 0.01562 0.01953
0 0.93594 0.17188 0.01562 0.01953
0 0.99062 0.14844 0.01562 0.01953
0 0.98906 0.20898 0.01562 0.01953
0 0.90156 0.64844 0.01562 0.01953
0 0.90469 0.69922 0.01562 0.01953
0 0.68125 0.55273 0.01562 0.01953
0 0.36719 0.68555 0.01562 0.01953
0 0.50313 0.30273 0.01562 0.01953
0 0.24063 0.15625 0.01562 0.01953
0 0.03594 0.31250 0.01562 0.01953
0 0.10156 0.02539 0.01562 0.01953
