0 0.32188 0.72070 0.01562 0.01953
0 0.35313 0.69531 0.01562 0.01953
0 0.39375 0.70898 0.01562 0.01953
0 0.63125 0.83789 0.01562 0.01953
0 0.74375 0.79688 0.01562 0.01953
0 0.79063 0.80664 0.01562 0.01953
0 0.94063 0.73828 0.01562 0.01953
0 0.82344 0.49414 0.01562 0.01953
0 0.53750 0.56250 0.01562 0.01953
0 0.61719 0.54102 0.01562 0.01953
0 0.61406 0.50195 0.01562 0.01953
0 0.60156 0.46289 0.01562 0.01953
0 0.63594 0.30469 0.01562 0.01953
0 0.72969 0.03906 0.01562 0.01953
0 0.62187 0.01172 0.01562 0.01953
