0 0.33437 0.68555 0.01562 0.01953
0 0.36250 0.69336 0.01562 0.01953
0 0.68437 0.62305 0.01562 0.01953
0 0.70156 0.56641 0.01562 0.01953
0 0.32500 0.20703 0.01562 0.01953
0 0.29844 0.18945 0.01562 0.01953
0 0.25938 0.16992 0.01562 0.01953
0 0.02656 0.25781 0.01562 0.01953
0 0.14062 0.06836 0.01562 0.01953
0 0.05469 0.10352 0.01562 0.01953
0 0.52031 0.00391 0.01562 0.01953
0 0.95000 0.12500 0.01562 0.01953
0 0.97031 0.15430 0.01562 0.01953
0 0.98125 0.20312 0.01562 0.01953
0 0.96719 0.27344 0.01562 0.01953
