0 0.02500 0.26367 0.01562 0.01953
0 0.07031 0.11133 0.01562 0.01953
0 0.16406 0.09180 0.01562 0.01953
0 0.27813 0.15625 0.01562 0.01953
0 0.25156 0.26367 0.01562 0.01953
0 0.27813 0.31445 0.01562 0.01953
0 0.33750 0.68555 0.01562 0.01953
0 0.35938 0.69141 0.01562 0.01953
0 0.68594 0.63086 0.01562 0.01953
0 0.70469 0.56445 0.01562 0.01953
0 0.95156 0.11914 0.01562 0.01953
0 0.97500 0.15820 0.01562 0.01953
0 0.98750 0.20312 0.01562 0.01953
0 0.96875 0.27148 0.01562 0.01953
0 0.50625 0.00977 0.01562 0.01953
