0 0.33594 0.69727 0.01562 0.01953
0 0.36250 0.69531 0.01562 0.01953
0 0.67812 0.62695 0.01562 0.01953
0 0.70312 0.57227 0.01562 0.01953
0 0.97656 0.28906 0.01562 0.01953
0 0.98906 0.21484 0.01562 0.01953
0 0.97656 0.16406 0.01562 0.01953
0 0.95000 0.13281 0.01562 0.01953
0 0.19531 0.36914 0.01562 0.01953
0 0.22656 0.41211 0.01562 0.01953
0 0.01250 0.27539 0.01562 0.01953
0 0.11094 0.10547 0.01562 0.01953
0 0.17656 0.09961 0.01562 0.01953
0 0.27813 0.16016 0.01562 0.01953
0 0.48281 0.02930 0.01562 0.01953
0 0.19687 0.02539 0.01562 0.01953
0 0.25469 0.00781 0.01562 0.01953
