0 0.67969 0.58203 0.01562 0.01953
0 0.33125 0.69922 0.01562 0.01953
0 0.35781 0.70508 0.01562 0.01953
0 0.17031 0.49414 0.01562 0.01953
0 0.14219 0.46094 0.01562 0.01953
0 0.26562 0.17969 0.01562 0.01953
0 0.95781 0.28711 0.01562 0.01953
0 0.97969 0.21875 0.01562 0.01953
0 0.96719 0.16797 0.01562 0.01953
0 0.95312 0.14844 0.01562 0.01953
0 0.94375 0.11914 0.01562 0.01953
0 0.46563 0.07031 0.01562 0.01953
0 0.22187 0.01953 0.01562 0.01953
0 0.19375 0.10352 0.01562 0.01953
0 0.16250 0.08594 0.01562 0.01953
0 0.15781 0.02734 0.01562 0.01953
0 0.64687 0.61328 0.01562 0.01953
