0 0.94531 0.14062 0.01562 0.01953
0 0.96562 0.16797 0.01562 0.01953
0 0.98281 0.22070 0.01562 0.01953
0 0.96250 0.27930 0.01562 0.01953
0 0.66719 0.58789 0.01562 0.01953
0 0.62656 0.60547 0.01562 0.01953
0 0.32969 0.69922 0.01562 0.01953
0 0.35781 0.70312 0.01562 0.01953
0 0.16562 0.53125 0.01562 0.01953
0 0.11719 0.48828 0.01562 0.01953
0 0.01250 0.28125 0.01562 0.01953
0 0.25312 0.18555 0.01562 0.01953
0 0.20469 0.09180 0.01562 0.01953
0 0.18594 0.07422 0.01562 0.01953
0 0.21094 0.02930 0.01562 0.01953
0 0.16562 0.02734 0.01562 0.01953
0 0.12812 0.00586 0.01562 0.01953
0 0.45156 0.07812 0.01562 0.01953
0 0.68125 0.12500 0.01562 0.01953
