0 0.99062 0.02734 0.01562 0.01953
0 0.85000 0.17578 0.01562 0.01953
0 0.93125 0.40820 0.01562 0.01953
0 0.82031 0.37500 0.01562 0.01953
0 0.79375 0.31445 0.01562 0.01953
0 0.75938 0.21680 0.01562 0.01953
0 0.74375 0.16992 0.01562 0.01953
0 0.72500 0.13477 0.01562 0.01953
0 0.72500 0.29492 0.01562 0.01953
0 0.99062 0.42188 0.01562 0.01953
0 0.78594 0.38086 0.01562 0.01953
0 0.77500 0.38477 0.01562 0.01953
0 0.82031 0.42969 0.01562 0.01953
0 0.84062 0.45508 0.01562 0.01953
0 0.84688 0.48828 0.01562 0.01953
0 0.88281 0.54297 0.01562 0.01953
0 0.93437 0.91992 0.01562 0.01953
0 0.95156 0.93750 0.01562 0.01953
0 0.38906 0.54883 0.01562 0.01953
0 0.09375 0.62891 0.01562 0.01953
0 0.07969 0.66602 0.01562 0.01953
0 0.13437 0.18359 0.01562 0.01953
0 0.08281 0.09766 0.01562 0.01953
0 0.01094 0.14258 0.01562 0.01953
0 0.34375 0.56641 0.01562 0.01953
0 0.43906 0.01172 0.01562 0.01953
