0 0.72500 0.14258 0.01562 0.01953
0 0.73906 0.17578 0.01562 0.01953
0 0.75781 0.22070 0.01562 0.01953
0 0.80781 0.24219 0.01562 0.01953
0 0.72656 0.29492 0.01562 0.01953
0 0.10000 0.14062 0.01562 0.01953
0 0.11250 0.21875 0.01562 0.01953
0 0.38594 0.55078 0.01562 0.01953
0 0.35000 0.57617 0.01562 0.01953
0 0.07969 0.66797 0.01562 0.01953
0 0.07656 0.62305 0.01562 0.01953
0 0.79688 0.32227 0.01562 0.01953
0 0.77500 0.38867 0.01562 0.01953
0 0.79375 0.37500 0.01562 0.01953
0 0.81875 0.37500 0.01562 0.01953
0 0.82344 0.42969 0.01562 0.01953
0 0.84062 0.45703 0.01562 0.01953
0 0.84688 0.50000 0.01562 0.01953
0 0.89062 0.55078 0.01562 0.01953
