0 0.72031 0.14648 0.01562 0.01953
0 0.74062 0.17969 0.01562 0.01953
0 0.75469 0.22070 0.01562 0.01953
0 0.72500 0.30078 0.01562 0.01953
0 0.79219 0.32227 0.01562 0.01953
0 0.77344 0.39648 0.01562 0.01953
0 0.79219 0.38086 0.01562 0.01953
0 0.81719 0.38281 0.01562 0.01953
0 0.81875 0.44336 0.01562 0.01953
0 0.83750 0.46680 0.01562 0.01953
0 0.84531 0.50195 0.01562 0.01953
0 0.88750 0.55469 0.01562 0.01953
0 0.38906 0.55664 0.01562 0.01953
0 0.34375 0.56641 0.01562 0.01953
0 0.07969 0.67773 0.01562 0.01953
0 0.04219 0.59961 0.01562 0.01953
0 0.09062 0.24414 0.01562 0.01953
0 0.11875 0.16602 0.01562 0.01953
0 0.80469 0.24023 0.01562 0.01953
