0 0.79375 0.38281 0.01562 0.01953
0 0.77187 0.39258 0.01562 0.01953
0 0.79375 0.32812 0.01562 0.01953
0 0.82031 0.38477 0.01562 0.01953
0 0.82188 0.44336 0.01562 0.01953
0 0.84531 0.50586 0.01562 0.01953
0 0.84062 0.46289 0.01562 0.01953
0 0.88438 0.55664 0.01562 0.01953
0 0.72188 0.30078 0.01562 0.01953
0 0.75156 0.22656 0.01562 0.01953
0 0.73750 0.17969 0.01562 0.01953
0 0.72031 0.14648 0.01562 0.01953
0 0.81250 0.24609 0.01562 0.01953
0 0.37969 0.55078 0.01562 0.01953
0 0.34219 0.57031 0.01562 0.01953
0 0.08594 0.67969 0.01562 0.01953
0 0.01562 0.54688 0.01562 0.01953
0 0.07500 0.27539 0.01562 0.01953
0 0.14844 0.19141 0.01562 0.01953
0 0.38750 0.04492 0.01562 0.01953
