0 0.18281 0.03320 0.01562 0.01953
0 0.20312 0.05469 0.01562 0.01953
0 0.04844 0.34766 0.01562 0.01953
0 0.25312 0.27930 0.01562 0.01953
0 0.06719 0.68555 0.01562 0.01953
0 0.32812 0.47656 0.01562 0.01953
0 0.36406 0.51758 0.01562 0.01953
0 0.40313 0.09570 0.01562 0.01953
0 0.71562 0.14648 0.01562 0.01953
0 0.73750 0.18555 0.01562 0.01953
0 0.75313 0.22852 0.01562 0.01953
0 0.72188 0.30664 0.01562 0.01953
0 0.79844 0.24414 0.01562 0.01953
0 0.78125 0.32812 0.01562 0.01953
0 0.76562 0.39648 0.01562 0.01953
0 0.81094 0.38867 0.01562 0.01953
0 0.82031 0.44531 0.01562 0.01953
0 0.82969 0.46484 0.01562 0.01953
0 0.84219 0.50781 0.01562 0.01953
0 0.86875 0.55469 0.01562 0.01953
0 0.97969 0.83984 0.01562 0.01953
