0 0.16406 0.03906 0.01562 0.01953
0 0.17813 0.07227 0.01562 0.01953
0 0.26875 0.28906 0.01562 0.01953
0 0.32656 0.47266 0.01562 0.01953
0 0.35469 0.49609 0.01562 0.01953
0 0.06719 0.68359 0.01562 0.01953
0 0.04063 0.35547 0.01562 0.01953
0 0.39531 0.07227 0.01562 0.01953
0 0.71406 0.14258 0.01562 0.01953
0 0.72969 0.17383 0.01562 0.01953
0 0.75156 0.22266 0.01562 0.01953
0 0.72188 0.30469 0.01562 0.01953
0 0.80156 0.24023 0.01562 0.01953
0 0.78125 0.32617 0.01562 0.01953
0 0.76719 0.39648 0.01562 0.01953
0 0.80781 0.38867 0.01562 0.01953
0 0.80781 0.43750 0.01562 0.01953
0 0.82188 0.46484 0.01562 0.01953
0 0.83125 0.49609 0.01562 0.01953
0 0.87031 0.55469 0.01562 0.01953
0 0.97813 0.88281 0.01562 0.01953
