0 0.13906 0.02539 0.01562 0.01953
0 0.15000 0.05859 0.01562 0.01953
0 0.01250 0.20898 0.01562 0.01953
0 0.01250 0.20898 0.01562 0.01953
0 0.02656 0.18750 0.01562 0.01953
0 0.06094 0.29297 0.01562 0.01953
0 0.06250 0.61328 0.01562 0.01953
0 0.34375 0.47070 0.01562 0.01953
0 0.33437 0.43945 0.01562 0.01953
0 0.33437 0.28906 0.01562 0.01953
0 0.75156 0.16797 0.01562 0.01953
0 0.76406 0.20703 0.01562 0.01953
0 0.77187 0.26172 0.01562 0.01953
0 0.74062 0.32227 0.01562 0.01953
0 0.82188 0.28711 0.01562 0.01953
0 0.80781 0.36328 0.01562 0.01953
0 0.78281 0.42969 0.01562 0.01953
0 0.82344 0.42188 0.01562 0.01953
0 0.82031 0.47461 0.01562 0.01953
0 0.83906 0.50195 0.01562 0.01953
0 0.84062 0.54102 0.01562 0.01953
0 0.87187 0.60547 0.01562 0.01953
