0 0.11406 0.02734 0.01562 0.01953
0 0.13125 0.06641 0.01562 0.01953
0 0.03281 0.19922 0.01562 0.01953
0 0.01562 0.20898 0.01562 0.01953
0 0.05625 0.28516 0.01562 0.01953
0 0.05781 0.61719 0.01562 0.01953
0 0.34375 0.47461 0.01562 0.01953
0 0.33906 0.29102 0.01562 0.01953
0 0.74844 0.17188 0.01562 0.01953
0 0.76094 0.22070 0.01562 0.01953
0 0.77187 0.25977 0.01562 0.01953
0 0.73594 0.33203 0.01562 0.01953
0 0.82344 0.28711 0.01562 0.01953
0 0.79844 0.36133 0.01562 0.01953
0 0.78125 0.42188 0.01562 0.01953
0 0.82656 0.42383 0.01562 0.01953
0 0.81875 0.48242 0.01562 0.01953
0 0.82969 0.50391 0.01562 0.01953
0 0.84219 0.54297 0.01562 0.01953
0 0.87187 0.59766 0.01562 0.01953
0 0.53125 0.06250 0.01562 0.01953
0 0.33437 0.44336 0.01562 0.01953
