0 0.15469 0.10938 0.01562 0.01953
0 0.15000 0.14453 0.01562 0.01953
0 0.10781 0.17578 0.01562 0.01953
0 0.06563 0.49023 0.01562 0.01953
0 0.36719 0.42578 0.01562 0.01953
0 0.42500 0.28711 0.01562 0.01953
0 0.81250 0.23047 0.01562 0.01953
0 0.81719 0.27344 0.01562 0.01953
0 0.81875 0.32812 0.01562 0.01953
0 0.86875 0.36523 0.01562 0.01953
0 0.80156 0.37500 0.01562 0.01953
0 0.80937 0.49023 0.01562 0.01953
0 0.84531 0.49609 0.01562 0.01953
0 0.83281 0.42969 0.01562 0.01953
0 0.83594 0.55078 0.01562 0.01953
0 0.84062 0.57812 0.01562 0.01953
0 0.84062 0.62109 0.01562 0.01953
0 0.86875 0.68359 0.01562 0.01953
0 0.37344 0.39648 0.01562 0.01953
