0 0.16562 0.10352 0.01562 0.01953
0 0.15625 0.13867 0.01562 0.01953
0 0.11406 0.17383 0.01562 0.01953
0 0.07031 0.48828 0.01562 0.01953
0 0.36875 0.41797 0.01562 0.01953
0 0.44531 0.29688 0.01562 0.01953
0 0.81250 0.23438 0.01562 0.01953
0 0.81875 0.27148 0.01562 0.01953
0 0.82969 0.31641 0.01562 0.01953
0 0.80000 0.37109 0.01562 0.01953
0 0.87187 0.35742 0.01562 0.01953
0 0.83750 0.42969 0.01562 0.01953
0 0.80469 0.48438 0.01562 0.01953
0 0.84688 0.49023 0.01562 0.01953
0 0.83906 0.54102 0.01562 0.01953
0 0.84219 0.57031 0.01562 0.01953
0 0.84844 0.61719 0.01562 0.01953
0 0.86406 0.68359 0.01562 0.01953
0 0.37188 0.39062 0.01562 0.01953
