0 0.18438 0.13672 0.01562 0.01953
0 0.16094 0.15234 0.01562 0.01953
0 0.11250 0.17969 0.01562 0.01953
0 0.06563 0.48242 0.01562 0.01953
0 0.36562 0.41602 0.01562 0.01953
0 0.46406 0.30664 0.01562 0.01953
0 0.81719 0.22070 0.01562 0.01953
0 0.81875 0.26758 0.01562 0.01953
0 0.82344 0.31250 0.01562 0.01953
0 0.79063 0.36719 0.01562 0.01953
0 0.86562 0.35547 0.01562 0.01953
0 0.84062 0.42383 0.01562 0.01953
0 0.80000 0.48242 0.01562 0.01953
0 0.84844 0.49609 0.01562 0.01953
0 0.83437 0.53906 0.01562 0.01953
0 0.83437 0.57227 0.01562 0.01953
0 0.83906 0.61719 0.01562 0.01953
0 0.86406 0.68164 0.01562 0.01953
0 0.88750 0.07812 0.01562 0.01953
