0 0.80156 0.84570 0.01562 0.01953
0 0.80781 0.76953 0.01562 0.01953
0 0.82812 0.73242 0.01562 0.01953
0 0.81875 0.69141 0.01562 0.01953
0 0.84844 0.65820 0.01562 0.01953
0 0.81250 0.62500 0.01562 0.01953
0 0.85781 0.58789 0.01562 0.01953
0 0.91563 0.54297 0.01562 0.01953
0 0.84062 0.50977 0.01562 0.01953
0 0.88438 0.47656 0.01562 0.01953
0 0.89531 0.42969 0.01562 0.01953
0 0.90312 0.39258 0.01562 0.01953
0 0.93281 0.07227 0.01562 0.01953
0 0.88281 0.05664 0.01562 0.01953
0 0.58281 0.28125 0.01562 0.01953
0 0.44844 0.35352 0.01562 0.01953
0 0.42969 0.39844 0.01562 0.01953
0 0.07344 0.81250 0.01562 0.01953
0 0.12812 0.28125 0.01562 0.01953
0 0.33594 0.14258 0.01562 0.01953
0 0.36406 0.03906 0.01562 0.01953
0 0.27031 0.01758 0.01562 0.01953
