0 0.36094 0.03516 0.01562 0.01953
0 0.32344 0.15039 0.01562 0.01953
0 0.12344 0.28125 0.01562 0.01953
0 0.03125 0.74219 0.01562 0.01953
0 0.43594 0.39648 0.01562 0.01953
0 0.46719 0.38086 0.01562 0.01953
0 0.59219 0.29297 0.01562 0.01953
0 0.54219 0.53125 0.01562 0.01953
0 0.81250 0.77539 0.01562 0.01953
0 0.82344 0.73242 0.01562 0.01953
0 0.82812 0.69727 0.01562 0.01953
0 0.85313 0.65625 0.01562 0.01953
0 0.81563 0.62500 0.01562 0.01953
0 0.86562 0.59180 0.01562 0.01953
0 0.91719 0.54102 0.01562 0.01953
0 0.84062 0.51172 0.01562 0.01953
0 0.88906 0.48828 0.01562 0.01953
0 0.89687 0.42773 0.01562 0.01953
0 0.90312 0.39062 0.01562 0.01953
0 0.88438 0.05469 0.01562 0.01953
0 0.92969 0.08594 0.01562 0.01953
0 0.26406 0.02344 0.01562 0.01953
0 0.79063 0.01953 0.01562 0.01953
