0 0.80937 0.84375 0.01562 0.01953
0 0.81563 0.76953 0.01562 0.01953
0 0.82344 0.73047 0.01562 0.01953
0 0.82969 0.69922 0.01562 0.01953
0 0.85313 0.65430 0.01562 0.01953
0 0.80937 0.63086 0.01562 0.01953
0 0.86875 0.59961 0.01562 0.01953
0 0.91875 0.54102 0.01562 0.01953
0 0.84219 0.51953 0.01562 0.01953
0 0.89219 0.48438 0.01562 0.01953
0 0.90000 0.44141 0.01562 0.01953
0 0.90469 0.38867 0.01562 0.01953
0 0.93594 0.08008 0.01562 0.01953
0 0.88906 0.05859 0.01562 0.01953
0 0.48438 0.42188 0.01562 0.01953
0 0.44062 0.40820 0.01562 0.01953
0 0.12344 0.27539 0.01562 0.01953
0 0.32031 0.15625 0.01562 0.01953
0 0.35938 0.01758 0.01562 0.01953
0 0.25781 0.02344 0.01562 0.01953
0 0.60313 0.30859 0.01562 0.01953
