0 0.90781 0.40234 0.01562 0.01953
0 0.89844 0.45117 0.01562 0.01953
0 0.88906 0.49219 0.01562 0.01953
0 0.84531 0.52148 0.01562 0.01953
0 0.91250 0.54297 0.01562 0.01953
0 0.85938 0.59375 0.01562 0.01953
0 0.84844 0.66016 0.01562 0.01953
0 0.81250 0.63086 0.01562 0.01953
0 0.82656 0.70312 0.01562 0.01953
0 0.83125 0.74023 0.01562 0.01953
0 0.81250 0.77344 0.01562 0.01953
0 0.80781 0.84570 0.01562 0.01953
0 0.50156 0.47656 0.01562 0.01953
0 0.44062 0.43555 0.01562 0.01953
0 0.12812 0.28125 0.01562 0.01953
0 0.32812 0.17773 0.01562 0.01953
0 0.36562 0.01953 0.01562 0.01953
0 0.25312 0.03711 0.01562 0.01953
0 0.10312 0.02344 0.01562 0.01953
0 0.61875 0.32812 0.01562 0.01953
0 0.84062 0.01367 0.01562 0.01953
0 0.93437 0.08203 0.01562 0.01953
0 0.89375 0.06641 0.01562 0.01953
