0 0.96250 0.50000 0.01562 0.01953
0 0.92031 0.81836 0.01562 0.01953
0 0.92188 0.86914 0.01562 0.01953
0 0.90000 0.91797 0.01562 0.01953
0 0.90781 0.97266 0.01562 0.01953
0 0.82344 0.92773 0.01562 0.01953
0 0.51719 0.90625 0.01562 0.01953
0 0.45469 0.71289 0.01562 0.01953
0 0.47344 0.73242 0.01562 0.01953
0 0.39062 0.57422 0.01562 0.01953
0 0.36562 0.51172 0.01562 0.01953
0 0.44062 0.42969 0.01562 0.01953
0 0.17344 0.52344 0.01562 0.01953
0 0.33281 0.22070 0.01562 0.01953
0 0.26562 0.07422 0.01562 0.01953
0 0.99375 0.53320 0.01562 0.01953
