0 0.79688 0.12695 0.01562 0.01953
0 0.86562 0.37500 0.01562 0.01953
0 0.86875 0.32227 0.01562 0.01953
0 0.86875 0.28711 0.01562 0.01953
0 0.86875 0.17578 0.01562 0.01953
0 0.86406 0.11523 0.01562 0.01953
0 0.92656 0.09180 0.01562 0.01953
0 0.94375 0.03320 0.01562 0.01953
0 0.96406 0.52344 0.01562 0.01953
0 0.91250 0.84766 0.01562 0.01953
0 0.89531 0.89453 0.01562 0.01953
0 0.87813 0.92969 0.01562 0.01953
0 0.80781 0.93555 0.01562 0.01953
0 0.58281 0.90625 0.01562 0.01953
0 0.51094 0.90820 0.01562 0.01953
0 0.45781 0.71094 0.01562 0.01953
0 0.38281 0.57031 0.01562 0.01953
0 0.37188 0.51172 0.01562 0.01953
0 0.44219 0.41602 0.01562 0.01953
0 0.17656 0.50391 0.01562 0.01953
0 0.35000 0.26562 0.01562 0.01953
0 0.29531 0.08398 0.01562 0.01953
