0 0.96406 0.51758 0.01562 0.01953
0 0.91250 0.84375 0.01562 0.01953
0 0.89531 0.88672 0.01562 0.01953
0 0.88281 0.92969 0.01562 0.01953
0 0.80312 0.93359 0.01562 0.01953
0 0.45469 0.70898 0.01562 0.01953
0 0.36250 0.56836 0.01562 0.01953
0 0.38750 0.50391 0.01562 0.01953
0 0.45781 0.39062 0.01562 0.01953
0 0.38750 0.33984 0.01562 0.01953
0 0.17813 0.48828 0.01562 0.01953
0 0.31719 0.09180 0.01562 0.01953
0 0.86406 0.37305 0.01562 0.01953
0 0.87344 0.33398 0.01562 0.01953
0 0.86719 0.29492 0.01562 0.01953
0 0.87187 0.18164 0.01562 0.01953
0 0.87813 0.11914 0.01562 0.01953
0 0.93750 0.08594 0.01562 0.01953
0 0.94844 0.04492 0.01562 0.01953
0 0.95000 0.01562 0.01562 0.01953
0 0.81250 0.11914 0.01562 0.01953
0 0.82500 0.43555 0.01562 0.01953
0 0.52500 0.91406 0.01562 0.01953
0 0.58281 0.91211 0.01562 0.01953
0 0.17188 0.31055 0.01562 0.01953
0 0.86094 0.46484 0.01562 0.01953
0 0.88438 0.98438 0.01562 0.01953
