0 0.90938 0.05078 0.01562 0.01953
0 0.93281 0.09570 0.01562 0.01953
0 0.93125 0.06055 0.01562 0.01953
0 0.97969 0.16992 0.01562 0.01953
0 0.98750 0.21094 0.01562 0.01953
0 0.95937 0.25977 0.01562 0.01953
0 0.96719 0.30078 0.01562 0.01953
0 0.88594 0.25000 0.01562 0.01953
0 0.88906 0.37891 0.01562 0.01953
0 0.88125 0.43945 0.01562 0.01953
0 0.87813 0.54492 0.01562 0.01953
0 0.88281 0.59180 0.01562 0.01953
0 0.87656 0.63477 0.01562 0.01953
0 0.71250 0.32031 0.01562 0.01953
0 0.65938 0.14062 0.01562 0.01953
0 0.33750 0.24805 0.01562 0.01953
0 0.37812 0.50586 0.01562 0.01953
0 0.49062 0.66211 0.01562 0.01953
0 0.42500 0.71484 0.01562 0.01953
0 0.52656 0.86523 0.01562 0.01953
0 0.44531 0.88086 0.01562 0.01953
0 0.46250 0.95898 0.01562 0.01953
0 0.18281 0.74609 0.01562 0.01953
0 0.95312 0.34766 0.01562 0.01953
0 0.97500 0.78516 0.01562 0.01953
0 0.10469 0.49414 0.01562 0.01953
0 0.90938 0.69727 0.01562 0.01953
