0 0.60313 0.05469 0.01562 0.01953
0 0.63750 0.10547 0.01562 0.01953
0 0.66719 0.15234 0.01562 0.01953
0 0.56250 0.07422 0.01562 0.01953
0 0.53906 0.11719 0.01562 0.01953
0 0.47500 0.10156 0.01562 0.01953
0 0.43906 0.13086 0.01562 0.01953
0 0.48281 0.16992 0.01562 0.01953
0 0.43906 0.22656 0.01562 0.01953
0 0.55781 0.29688 0.01562 0.01953
0 0.47344 0.03125 0.01562 0.01953
0 0.46406 0.06641 0.01562 0.01953
0 0.44531 0.08594 0.01562 0.01953
0 0.38906 0.15430 0.01562 0.01953
0 0.40313 0.11328 0.01562 0.01953
0 0.41719 0.08594 0.01562 0.01953
0 0.42812 0.05469 0.01562 0.01953
0 0.44062 0.02930 0.01562 0.01953
0 0.42031 0.02148 0.01562 0.01953
0 0.35156 0.13281 0.01562 0.01953
0 0.36562 0.10156 0.01562 0.01953
0 0.39687 0.04492 0.01562 0.01953
0 0.39375 0.08008 0.01562 0.01953
0 0.36562 0.07227 0.01562 0.01953
0 0.37188 0.04297 0.01562 0.01953
0 0.39062 0.01562 0.01562 0.01953
0 0.33594 0.10352 0.01562 0.01953
0 0.29844 0.13477 0.01562 0.01953
0 0.31250 0.08594 0.01562 0.01953
0 0.34063 0.04688 0.01562 0.01953
0 0.35625 0.03125 0.01562 0.01953
0 0.36719 0.01562 0.01562 0.01953
0 0.32031 0.06250 0.01562 0.01953
0 0.27969 0.09570 0.01562 0.01953
0 0.24375 0.10547 0.01562 0.01953
0 0.22187 0.14258 0.01562 0.01953
0 0.28594 0.17383 0.01562 0.01953
0 0.25781 0.19336 0.01562 0.01953
0 0.33750 0.24805 0.01562 0.01953
0 0.37656 0.27539 0.01562 0.01953
0 0.30469 0.27734 0.01562 0.01953
0 0.30000 0.04688 0.01562 0.01953
0 0.32188 0.02148 0.01562 0.01953
0 0.30000 0.00586 0.01562 0.01953
0 0.27969 0.02344 0.01562 0.01953
0 0.26719 0.04297 0.01562 0.01953
0 0.25312 0.07422 0.01562 0.01953
0 0.21250 0.09375 0.01562 0.01953
0 0.23594 0.03906 0.01562 0.01953
0 0.23750 0.00586 0.01562 0.01953
0 0.21250 0.01367 0.01562 0.01953
0 0.21406 0.04688 0.01562 0.01953
0 0.18906 0.08398 0.01562 0.01953
0 0.16562 0.09961 0.01562 0.01953
0 0.17969 0.03125 0.01562 0.01953
0 0.16250 0.04297 0.01562 0.01953
0 0.13906 0.07812 0.01562 0.01953
0 0.12344 0.06250 0.01562 0.01953
0 0.12500 0.12305 0.01562 0.01953
0 0.14688 0.13672 0.01562 0.01953
0 0.10156 0.08203 0.01562 0.01953
0 0.13437 0.02734 0.01562 0.01953
0 0.15313 0.01758 0.01562 0.01953
0 0.09219 0.04883 0.01562 0.01953
0 0.07500 0.03125 0.01562 0.01953
0 0.02656 0.02148 0.01562 0.01953
0 0.01875 0.06641 0.01562 0.01953
0 0.05000 0.11328 0.01562 0.01953
0 0.01562 0.12109 0.01562 0.01953
0 0.09844 0.15820 0.01562 0.01953
0 0.15469 0.18945 0.01562 0.01953
0 0.18438 0.17773 0.01562 0.01953
0 0.20938 0.25000 0.01562 0.01953
0 0.15469 0.27734 0.01562 0.01953
0 0.18906 0.30078 0.01562 0.01953
0 0.23281 0.32227 0.01562 0.01953
0 0.06719 0.27734 0.01562 0.01953
0 0.03906 0.25000 0.01562 0.01953
0 0.34063 0.35742 0.01562 0.01953
0 0.36562 0.44531 0.01562 0.01953
0 0.39844 0.48242 0.01562 0.01953
0 0.42500 0.53125 0.01562 0.01953
0 0.46094 0.55273 0.01562 0.01953
0 0.53750 0.41406 0.01562 0.01953
0 0.52500 0.52930 0.01562 0.01953
0 0.54375 0.55273 0.01562 0.01953
0 0.56094 0.53906 0.01562 0.01953
0 0.59375 0.53711 0.01562 0.01953
0 0.58281 0.50391 0.01562 0.01953
0 0.63594 0.49414 0.01562 0.01953
0 0.68594 0.50391 0.01562 0.01953
0 0.65781 0.48828 0.01562 0.01953
0 0.59531 0.57422 0.01562 0.01953
0 0.63906 0.62695 0.01562 0.01953
0 0.68594 0.61133 0.01562 0.01953
0 0.76719 0.60938 0.01562 0.01953
0 0.89531 0.62305 0.01562 0.01953
0 0.70469 0.65820 0.01562 0.01953
