0 0.01562 0.01953 0.01562 0.01953
0 0.07187 0.01953 0.01562 0.01953
0 0.12187 0.01758 0.01562 0.01953
0 0.15000 0.03711 0.01562 0.01953
0 0.17031 0.02734 0.01562 0.01953
0 0.20312 0.04883 0.01562 0.01953
0 0.23125 0.03906 0.01562 0.01953
0 0.25625 0.04492 0.01562 0.01953
0 0.26875 0.01562 0.01562 0.01953
0 0.29219 0.01172 0.01562 0.01953
0 0.31719 0.01758 0.01562 0.01953
0 0.29531 0.04297 0.01562 0.01953
0 0.32656 0.03711 0.01562 0.01953
0 0.34531 0.02148 0.01562 0.01953
0 0.37188 0.03516 0.01562 0.01953
0 0.39531 0.03906 0.01562 0.01953
0 0.42031 0.04688 0.01562 0.01953
0 0.43594 0.02344 0.01562 0.01953
0 0.45312 0.05273 0.01562 0.01953
0 0.46875 0.02734 0.01562 0.01953
0 0.47344 0.10547 0.01562 0.01953
0 0.43906 0.08203 0.01562 0.01953
0 0.41406 0.08203 0.01562 0.01953
0 0.38438 0.07227 0.01562 0.01953
0 0.35938 0.06250 0.01562 0.01953
0 0.30156 0.07812 0.01562 0.01953
0 0.24063 0.06641 0.01562 0.01953
0 0.27187 0.09570 0.01562 0.01953
0 0.32500 0.09961 0.01562 0.01953
0 0.36875 0.10352 0.01562 0.01953
0 0.39531 0.11523 0.01562 0.01953
0 0.42812 0.13672 0.01562 0.01953
0 0.38281 0.15820 0.01562 0.01953
0 0.35000 0.13281 0.01562 0.01953
0 0.28437 0.12695 0.01562 0.01953
0 0.23906 0.09961 0.01562 0.01953
0 0.20625 0.09375 0.01562 0.01953
0 0.17500 0.07227 0.01562 0.01953
0 0.11406 0.06055 0.01562 0.01953
0 0.15000 0.09180 0.01562 0.01953
0 0.08438 0.07031 0.01562 0.01953
0 0.03594 0.10547 0.01562 0.01953
0 0.55469 0.08008 0.01562 0.01953
0 0.27500 0.16602 0.01562 0.01953
0 0.20938 0.14258 0.01562 0.01953
0 0.12187 0.11914 0.01562 0.01953
0 0.17969 0.17578 0.01562 0.01953
0 0.24219 0.18359 0.01562 0.01953
0 0.14688 0.17969 0.01562 0.01953
0 0.09219 0.15820 0.01562 0.01953
0 0.03125 0.24414 0.01562 0.01953
0 0.06406 0.27539 0.01562 0.01953
0 0.14531 0.27930 0.01562 0.01953
0 0.18750 0.30078 0.01562 0.01953
0 0.20312 0.24805 0.01562 0.01953
0 0.22812 0.31641 0.01562 0.01953
0 0.30156 0.26758 0.01562 0.01953
0 0.35938 0.27148 0.01562 0.01953
0 0.32656 0.24609 0.01562 0.01953
0 0.42969 0.22070 0.01562 0.01953
0 0.52812 0.11328 0.01562 0.01953
0 0.63125 0.09180 0.01562 0.01953
0 0.65938 0.14648 0.01562 0.01953
0 0.54844 0.29883 0.01562 0.01953
0 0.52812 0.41602 0.01562 0.01953
0 0.36875 0.37109 0.01562 0.01953
0 0.36094 0.44336 0.01562 0.01953
0 0.39844 0.47656 0.01562 0.01953
0 0.41250 0.52930 0.01562 0.01953
0 0.45469 0.53906 0.01562 0.01953
0 0.51406 0.52148 0.01562 0.01953
0 0.53906 0.55859 0.01562 0.01953
0 0.58125 0.57031 0.01562 0.01953
0 0.58906 0.53320 0.01562 0.01953
0 0.57344 0.50391 0.01562 0.01953
0 0.62187 0.49219 0.01562 0.01953
0 0.64687 0.48242 0.01562 0.01953
0 0.68281 0.49609 0.01562 0.01953
0 0.61719 0.62109 0.01562 0.01953
0 0.71094 0.61719 0.01562 0.01953
0 0.68281 0.62305 0.01562 0.01953
0 0.75938 0.60352 0.01562 0.01953
0 0.68437 0.55273 0.01562 0.01953
0 0.90000 0.62305 0.01562 0.01953
0 0.47031 0.17773 0.01562 0.01953
0 0.49688 0.12695 0.01562 0.01953
