0 0.91563 0.51367 0.01562 0.01953
0 0.75313 0.52344 0.01562 0.01953
0 0.69219 0.52344 0.01562 0.01953
0 0.70781 0.55859 0.01562 0.01953
0 0.67500 0.56836 0.01562 0.01953
0 0.67500 0.60547 0.01562 0.01953
0 0.62344 0.58398 0.01562 0.01953
0 0.65469 0.43555 0.01562 0.01953
0 0.61406 0.42969 0.01562 0.01953
0 0.59531 0.46289 0.01562 0.01953
0 0.58437 0.50195 0.01562 0.01953
0 0.57812 0.55273 0.01562 0.01953
0 0.55781 0.47656 0.01562 0.01953
0 0.54219 0.51562 0.01562 0.01953
0 0.52500 0.53711 0.01562 0.01953
0 0.39219 0.55664 0.01562 0.01953
0 0.44219 0.55078 0.01562 0.01953
0 0.49688 0.50977 0.01562 0.01953
0 0.50000 0.39648 0.01562 0.01953
0 0.38281 0.41602 0.01562 0.01953
0 0.33437 0.46680 0.01562 0.01953
0 0.37344 0.50391 0.01562 0.01953
0 0.15469 0.47656 0.01562 0.01953
0 0.02187 0.40625 0.01562 0.01953
0 0.13750 0.38867 0.01562 0.01953
0 0.18750 0.38867 0.01562 0.01953
0 0.23594 0.33008 0.01562 0.01953
0 0.30156 0.31445 0.01562 0.01953
0 0.26719 0.29297 0.01562 0.01953
0 0.33750 0.29297 0.01562 0.01953
0 0.36406 0.23438 0.01562 0.01953
0 0.49062 0.28711 0.01562 0.01953
0 0.39531 0.22266 0.01562 0.01953
0 0.40469 0.16602 0.01562 0.01953
0 0.44062 0.11523 0.01562 0.01953
0 0.45312 0.06055 0.01562 0.01953
0 0.57500 0.10547 0.01562 0.01953
0 0.53438 0.05469 0.01562 0.01953
0 0.48906 0.01953 0.01562 0.01953
0 0.38281 0.11914 0.01562 0.01953
0 0.34844 0.16016 0.01562 0.01953
0 0.29531 0.18945 0.01562 0.01953
0 0.14531 0.33398 0.01562 0.01953
0 0.08750 0.35742 0.01562 0.01953
0 0.17813 0.25977 0.01562 0.01953
0 0.20469 0.24023 0.01562 0.01953
0 0.13594 0.22656 0.01562 0.01953
0 0.10938 0.26172 0.01562 0.01953
0 0.08281 0.29102 0.01562 0.01953
0 0.01094 0.26953 0.01562 0.01953
0 0.03125 0.22852 0.01562 0.01953
0 0.20938 0.19531 0.01562 0.01953
0 0.26094 0.17578 0.01562 0.01953
0 0.30625 0.14844 0.01562 0.01953
0 0.34687 0.10938 0.01562 0.01953
0 0.35938 0.08008 0.01562 0.01953
0 0.36562 0.04102 0.01562 0.01953
0 0.27656 0.14258 0.01562 0.01953
0 0.24219 0.15234 0.01562 0.01953
0 0.20938 0.13086 0.01562 0.01953
0 0.18594 0.16016 0.01562 0.01953
0 0.15000 0.18359 0.01562 0.01953
0 0.12500 0.17188 0.01562 0.01953
0 0.15625 0.14648 0.01562 0.01953
0 0.08750 0.16797 0.01562 0.01953
0 0.06406 0.18359 0.01562 0.01953
0 0.02813 0.17773 0.01562 0.01953
0 0.05312 0.14453 0.01562 0.01953
0 0.10469 0.13477 0.01562 0.01953
0 0.07812 0.13086 0.01562 0.01953
0 0.12812 0.11914 0.01562 0.01953
0 0.16250 0.11719 0.01562 0.01953
0 0.39844 0.01172 0.01562 0.01953
0 0.32969 0.04492 0.01562 0.01953
0 0.32656 0.02148 0.01562 0.01953
0 0.31719 0.05078 0.01562 0.01953
0 0.29219 0.08008 0.01562 0.01953
0 0.26406 0.10938 0.01562 0.01953
0 0.24688 0.07812 0.01562 0.01953
0 0.23125 0.09570 0.01562 0.01953
0 0.21406 0.11133 0.01562 0.01953
0 0.19375 0.10547 0.01562 0.01953
0 0.24688 0.05273 0.01562 0.01953
0 0.26875 0.03906 0.01562 0.01953
0 0.16562 0.09180 0.01562 0.01953
0 0.17813 0.06445 0.01562 0.01953
0 0.20938 0.07031 0.01562 0.01953
0 0.14219 0.05859 0.01562 0.01953
0 0.11875 0.08203 0.01562 0.01953
0 0.10000 0.09766 0.01562 0.01953
0 0.06094 0.10156 0.01562 0.01953
0 0.04219 0.11133 0.01562 0.01953
0 0.02344 0.12891 0.01562 0.01953
0 0.04063 0.08008 0.01562 0.01953
0 0.09062 0.03320 0.01562 0.01953
0 0.01562 0.02930 0.01562 0.01953
0 0.04844 0.02344 0.01562 0.01953
0 0.07812 0.06250 0.01562 0.01953
