0 0.75938 0.53711 0.01562 0.01953
0 0.70781 0.58008 0.01562 0.01953
0 0.67812 0.61523 0.01562 0.01953
0 0.62344 0.59375 0.01562 0.01953
0 0.92500 0.52344 0.01562 0.01953
0 0.65625 0.43945 0.01562 0.01953
0 0.61094 0.43555 0.01562 0.01953
0 0.59531 0.46289 0.01562 0.01953
0 0.58281 0.50000 0.01562 0.01953
0 0.57969 0.54688 0.01562 0.01953
0 0.53906 0.50977 0.01562 0.01953
0 0.52187 0.54492 0.01562 0.01953
0 0.50156 0.51953 0.01562 0.01953
0 0.55937 0.47461 0.01562 0.01953
0 0.39531 0.55664 0.01562 0.01953
0 0.39375 0.41602 0.01562 0.01953
0 0.33906 0.48438 0.01562 0.01953
0 0.50781 0.40430 0.01562 0.01953
0 0.48906 0.29492 0.01562 0.01953
0 0.26719 0.29492 0.01562 0.01953
0 0.30625 0.32031 0.01562 0.01953
0 0.24219 0.32617 0.01562 0.01953
0 0.17813 0.38281 0.01562 0.01953
0 0.12969 0.39648 0.01562 0.01953
0 0.09688 0.38281 0.01562 0.01953
0 0.15625 0.48828 0.01562 0.01953
0 0.01250 0.40234 0.01562 0.01953
0 0.34063 0.29297 0.01562 0.01953
0 0.36094 0.24023 0.01562 0.01953
0 0.39375 0.23242 0.01562 0.01953
0 0.40781 0.17383 0.01562 0.01953
0 0.57344 0.11328 0.01562 0.01953
0 0.53906 0.06836 0.01562 0.01953
0 0.49531 0.03516 0.01562 0.01953
0 0.45625 0.07227 0.01562 0.01953
0 0.43906 0.11914 0.01562 0.01953
0 0.38281 0.12500 0.01562 0.01953
0 0.35000 0.16211 0.01562 0.01953
0 0.30156 0.20117 0.01562 0.01953
0 0.26250 0.18359 0.01562 0.01953
0 0.31406 0.15820 0.01562 0.01953
0 0.27969 0.14062 0.01562 0.01953
0 0.34375 0.11328 0.01562 0.01953
0 0.36250 0.08594 0.01562 0.01953
0 0.36719 0.05078 0.01562 0.01953
0 0.20938 0.24219 0.01562 0.01953
0 0.17969 0.26758 0.01562 0.01953
0 0.15000 0.33594 0.01562 0.01953
0 0.10625 0.26953 0.01562 0.01953
0 0.07187 0.28906 0.01562 0.01953
0 0.01562 0.27930 0.01562 0.01953
0 0.13437 0.23242 0.01562 0.01953
0 0.03906 0.24023 0.01562 0.01953
0 0.20469 0.19336 0.01562 0.01953
0 0.23750 0.16016 0.01562 0.01953
0 0.40156 0.01172 0.01562 0.01953
0 0.33906 0.04492 0.01562 0.01953
0 0.31562 0.05469 0.01562 0.01953
0 0.31719 0.08203 0.01562 0.01953
0 0.32031 0.11328 0.01562 0.01953
0 0.29531 0.08203 0.01562 0.01953
0 0.26406 0.11328 0.01562 0.01953
0 0.29375 0.11523 0.01562 0.01953
0 0.21719 0.14258 0.01562 0.01953
0 0.18281 0.17188 0.01562 0.01953
0 0.15937 0.15820 0.01562 0.01953
0 0.15625 0.18945 0.01562 0.01953
0 0.11094 0.13281 0.01562 0.01953
0 0.11719 0.17773 0.01562 0.01953
0 0.09219 0.17188 0.01562 0.01953
0 0.07344 0.19727 0.01562 0.01953
0 0.02969 0.18164 0.01562 0.01953
0 0.33281 0.02344 0.01562 0.01953
0 0.30000 0.02930 0.01562 0.01953
0 0.27500 0.04297 0.01562 0.01953
0 0.25312 0.05859 0.01562 0.01953
0 0.24219 0.08008 0.01562 0.01953
0 0.23281 0.10156 0.01562 0.01953
0 0.19844 0.11719 0.01562 0.01953
0 0.21250 0.07227 0.01562 0.01953
0 0.16094 0.09375 0.01562 0.01953
0 0.16406 0.12500 0.01562 0.01953
0 0.18125 0.06836 0.01562 0.01953
0 0.13594 0.12891 0.01562 0.01953
0 0.12812 0.09570 0.01562 0.01953
0 0.10469 0.10352 0.01562 0.01953
0 0.08125 0.14062 0.01562 0.01953
0 0.05312 0.15039 0.01562 0.01953
0 0.01562 0.12695 0.01562 0.01953
0 0.03594 0.11914 0.01562 0.01953
0 0.07031 0.10938 0.01562 0.01953
0 0.08281 0.08008 0.01562 0.01953
0 0.05937 0.06641 0.01562 0.01953
0 0.14688 0.06641 0.01562 0.01953
0 0.11406 0.05273 0.01562 0.01953
0 0.09062 0.02734 0.01562 0.01953
0 0.12187 0.01758 0.01562 0.01953
0 0.03906 0.07227 0.01562 0.01953
0 0.37969 0.50977 0.01562 0.01953
