0 0.05625 0.03125 0.01562 0.01953
0 0.02031 0.05273 0.01562 0.01953
0 0.03594 0.08594 0.01562 0.01953
0 0.05156 0.06641 0.01562 0.01953
0 0.10625 0.04883 0.01562 0.01953
0 0.11406 0.08008 0.01562 0.01953
0 0.10000 0.10547 0.01562 0.01953
0 0.07969 0.09570 0.01562 0.01953
0 0.05937 0.12695 0.01562 0.01953
0 0.03438 0.14648 0.01562 0.01953
0 0.03750 0.20117 0.01562 0.01953
0 0.01250 0.21289 0.01562 0.01953
0 0.02813 0.24805 0.01562 0.01953
0 0.04219 0.33008 0.01562 0.01953
0 0.13281 0.34570 0.01562 0.01953
0 0.18750 0.36523 0.01562 0.01953
0 0.08594 0.29297 0.01562 0.01953
0 0.11250 0.25391 0.01562 0.01953
0 0.08438 0.24609 0.01562 0.01953
0 0.07031 0.21094 0.01562 0.01953
0 0.10000 0.57031 0.01562 0.01953
0 0.09531 0.61719 0.01562 0.01953
0 0.07969 0.52344 0.01562 0.01953
0 0.07187 0.16016 0.01562 0.01953
0 0.15625 0.31641 0.01562 0.01953
0 0.13750 0.24219 0.01562 0.01953
0 0.13594 0.20703 0.01562 0.01953
0 0.11094 0.16211 0.01562 0.01953
0 0.10625 0.14062 0.01562 0.01953
0 0.12344 0.09961 0.01562 0.01953
0 0.14844 0.12695 0.01562 0.01953
0 0.15469 0.15625 0.01562 0.01953
0 0.13437 0.16602 0.01562 0.01953
0 0.15469 0.18750 0.01562 0.01953
0 0.17969 0.21875 0.01562 0.01953
0 0.17188 0.25195 0.01562 0.01953
0 0.19375 0.28320 0.01562 0.01953
0 0.21094 0.32227 0.01562 0.01953
0 0.25000 0.32422 0.01562 0.01953
0 0.25000 0.29492 0.01562 0.01953
0 0.25938 0.25195 0.01562 0.01953
0 0.28281 0.27344 0.01562 0.01953
0 0.27969 0.32422 0.01562 0.01953
0 0.30625 0.30078 0.01562 0.01953
0 0.34375 0.33594 0.01562 0.01953
0 0.34375 0.38867 0.01562 0.01953
0 0.40625 0.50000 0.01562 0.01953
0 0.43906 0.51367 0.01562 0.01953
0 0.56094 0.48438 0.01562 0.01953
0 0.45781 0.34766 0.01562 0.01953
0 0.43125 0.39453 0.01562 0.01953
0 0.49062 0.39648 0.01562 0.01953
0 0.52969 0.37695 0.01562 0.01953
0 0.22812 0.26758 0.01562 0.01953
0 0.14219 0.08008 0.01562 0.01953
0 0.16250 0.07617 0.01562 0.01953
0 0.22656 0.11914 0.01562 0.01953
0 0.24844 0.14062 0.01562 0.01953
0 0.19531 0.18555 0.01562 0.01953
0 0.26562 0.18555 0.01562 0.01953
0 0.23906 0.18750 0.01562 0.01953
0 0.21250 0.21289 0.01562 0.01953
0 0.24219 0.22461 0.01562 0.01953
0 0.27813 0.22070 0.01562 0.01953
0 0.30938 0.23242 0.01562 0.01953
0 0.33437 0.26172 0.01562 0.01953
0 0.34219 0.30273 0.01562 0.01953
0 0.25938 0.07617 0.01562 0.01953
0 0.29375 0.10938 0.01562 0.01953
0 0.32188 0.12109 0.01562 0.01953
0 0.31094 0.16016 0.01562 0.01953
0 0.35469 0.11719 0.01562 0.01953
0 0.28125 0.16602 0.01562 0.01953
0 0.30469 0.19922 0.01562 0.01953
0 0.33594 0.21289 0.01562 0.01953
0 0.34687 0.15820 0.01562 0.01953
0 0.34844 0.18750 0.01562 0.01953
0 0.37812 0.19922 0.01562 0.01953
0 0.35156 0.23828 0.01562 0.01953
0 0.36875 0.26562 0.01562 0.01953
0 0.39375 0.27930 0.01562 0.01953
0 0.41719 0.31055 0.01562 0.01953
0 0.44219 0.29297 0.01562 0.01953
0 0.42969 0.24414 0.01562 0.01953
0 0.41250 0.22070 0.01562 0.01953
0 0.44219 0.19922 0.01562 0.01953
0 0.39687 0.19922 0.01562 0.01953
0 0.41875 0.16211 0.01562 0.01953
0 0.38125 0.16406 0.01562 0.01953
0 0.39062 0.13281 0.01562 0.01953
0 0.44844 0.14453 0.01562 0.01953
0 0.46563 0.18555 0.01562 0.01953
0 0.45312 0.23438 0.01562 0.01953
0 0.47187 0.21875 0.01562 0.01953
0 0.46719 0.26758 0.01562 0.01953
0 0.49062 0.24805 0.01562 0.01953
0 0.48281 0.30859 0.01562 0.01953
0 0.49688 0.28516 0.01562 0.01953
0 0.51875 0.24805 0.01562 0.01953
0 0.50781 0.21680 0.01562 0.01953
0 0.49062 0.18945 0.01562 0.01953
0 0.48750 0.15039 0.01562 0.01953
0 0.17500 0.12695 0.01562 0.01953
0 0.19062 0.12695 0.01562 0.01953
0 0.18438 0.09570 0.01562 0.01953
0 0.20469 0.09961 0.01562 0.01953
0 0.18281 0.14648 0.01562 0.01953
0 0.21406 0.15430 0.01562 0.01953
0 0.38750 0.34180 0.01562 0.01953
0 0.51875 0.13281 0.01562 0.01953
0 0.51406 0.16602 0.01562 0.01953
0 0.54375 0.16797 0.01562 0.01953
0 0.52812 0.19531 0.01562 0.01953
0 0.53906 0.22852 0.01562 0.01953
0 0.56250 0.25000 0.01562 0.01953
0 0.52969 0.28711 0.01562 0.01953
0 0.57188 0.29297 0.01562 0.01953
0 0.55000 0.33008 0.01562 0.01953
0 0.61406 0.33398 0.01562 0.01953
0 0.57656 0.36328 0.01562 0.01953
0 0.56563 0.42188 0.01562 0.01953
0 0.58125 0.13281 0.01562 0.01953
0 0.58750 0.17188 0.01562 0.01953
0 0.57031 0.19336 0.01562 0.01953
0 0.56719 0.22461 0.01562 0.01953
0 0.60313 0.20703 0.01562 0.01953
0 0.60625 0.28906 0.01562 0.01953
0 0.59688 0.26172 0.01562 0.01953
0 0.64687 0.24805 0.01562 0.01953
0 0.61875 0.24023 0.01562 0.01953
0 0.62500 0.21680 0.01562 0.01953
0 0.63750 0.19727 0.01562 0.01953
0 0.61719 0.18359 0.01562 0.01953
0 0.67188 0.27344 0.01562 0.01953
0 0.68906 0.23438 0.01562 0.01953
0 0.66719 0.20703 0.01562 0.01953
0 0.65000 0.17383 0.01562 0.01953
0 0.67656 0.14062 0.01562 0.01953
0 0.65312 0.14844 0.01562 0.01953
0 0.62500 0.08789 0.01562 0.01953
0 0.67344 0.17578 0.01562 0.01953
0 0.69063 0.15430 0.01562 0.01953
0 0.70156 0.17188 0.01562 0.01953
0 0.64687 0.04883 0.01562 0.01953
0 0.67188 0.08398 0.01562 0.01953
0 0.69375 0.08008 0.01562 0.01953
0 0.71094 0.14648 0.01562 0.01953
0 0.72188 0.17383 0.01562 0.01953
0 0.72188 0.20117 0.01562 0.01953
0 0.69531 0.20117 0.01562 0.01953
0 0.71875 0.23828 0.01562 0.01953
0 0.69688 0.04492 0.01562 0.01953
0 0.71719 0.08789 0.01562 0.01953
0 0.73125 0.11719 0.01562 0.01953
0 0.70312 0.12500 0.01562 0.01953
0 0.75938 0.16602 0.01562 0.01953
0 0.75000 0.19531 0.01562 0.01953
0 0.75469 0.24414 0.01562 0.01953
0 0.75313 0.28125 0.01562 0.01953
0 0.76094 0.12695 0.01562 0.01953
0 0.75313 0.09766 0.01562 0.01953
0 0.80625 0.07812 0.01562 0.01953
0 0.77812 0.06055 0.01562 0.01953
0 0.75000 0.06445 0.01562 0.01953
0 0.72344 0.05273 0.01562 0.01953
0 0.76875 0.03711 0.01562 0.01953
0 0.80312 0.02539 0.01562 0.01953
0 0.82969 0.05859 0.01562 0.01953
0 0.71094 0.01953 0.01562 0.01953
0 0.89687 0.09766 0.01562 0.01953
0 0.85781 0.14062 0.01562 0.01953
0 0.78125 0.19336 0.01562 0.01953
0 0.84375 0.19141 0.01562 0.01953
0 0.94375 0.12695 0.01562 0.01953
0 0.93437 0.54297 0.01562 0.01953
0 0.82969 0.62500 0.01562 0.01953
0 0.87500 0.63086 0.01562 0.01953
0 0.80312 0.58984 0.01562 0.01953
0 0.91406 0.34180 0.01562 0.01953
0 0.77656 0.31836 0.01562 0.01953
0 0.97656 0.58984 0.01562 0.01953
0 0.96094 0.61133 0.01562 0.01953
0 0.95625 0.51562 0.01562 0.01953
0 0.98438 0.49609 0.01562 0.01953
0 0.51406 0.48047 0.01562 0.01953
0 0.65156 0.41797 0.01562 0.01953
0 0.68750 0.38867 0.01562 0.01953
0 0.72656 0.40820 0.01562 0.01953
0 0.73750 0.49609 0.01562 0.01953
0 0.68906 0.55469 0.01562 0.01953
0 0.60313 0.50000 0.01562 0.01953
0 0.82969 0.49023 0.01562 0.01953
0 0.61719 0.14258 0.01562 0.01953
0 0.86250 0.38672 0.01562 0.01953
0 0.58437 0.58594 0.01562 0.01953
