0 0.05781 0.01562 0.01562 0.01953
0 0.02187 0.01758 0.01562 0.01953
0 0.03281 0.05078 0.01562 0.01953
0 0.01406 0.10352 0.01562 0.01953
0 0.08594 0.09961 0.01562 0.01953
0 0.04375 0.11523 0.01562 0.01953
0 0.02813 0.13477 0.01562 0.01953
0 0.07812 0.14453 0.01562 0.01953
0 0.04844 0.16797 0.01562 0.01953
0 0.03125 0.18555 0.01562 0.01953
0 0.09844 0.15820 0.01562 0.01953
0 0.10312 0.12500 0.01562 0.01953
0 0.08281 0.04883 0.01562 0.01953
0 0.11719 0.14648 0.01562 0.01953
0 0.10156 0.18750 0.01562 0.01953
0 0.06875 0.20703 0.01562 0.01953
0 0.03125 0.24219 0.01562 0.01953
0 0.01094 0.25781 0.01562 0.01953
0 0.01406 0.29102 0.01562 0.01953
0 0.08125 0.23633 0.01562 0.01953
0 0.08281 0.29102 0.01562 0.01953
0 0.11250 0.30078 0.01562 0.01953
0 0.07500 0.33594 0.01562 0.01953
0 0.03125 0.38281 0.01562 0.01953
0 0.16094 0.12305 0.01562 0.01953
0 0.14219 0.13281 0.01562 0.01953
0 0.14531 0.17578 0.01562 0.01953
0 0.12969 0.21680 0.01562 0.01953
0 0.10000 0.21289 0.01562 0.01953
0 0.14844 0.20703 0.01562 0.01953
0 0.15000 0.23633 0.01562 0.01953
0 0.13125 0.25586 0.01562 0.01953
0 0.13437 0.29688 0.01562 0.01953
0 0.16250 0.29102 0.01562 0.01953
0 0.16094 0.35547 0.01562 0.01953
0 0.12812 0.39648 0.01562 0.01953
0 0.19062 0.41211 0.01562 0.01953
0 0.19844 0.36133 0.01562 0.01953
0 0.18281 0.32812 0.01562 0.01953
0 0.18125 0.26758 0.01562 0.01953
0 0.20469 0.26172 0.01562 0.01953
0 0.19219 0.23242 0.01562 0.01953
0 0.22187 0.16602 0.01562 0.01953
0 0.24688 0.19141 0.01562 0.01953
0 0.22656 0.24023 0.01562 0.01953
0 0.23594 0.26953 0.01562 0.01953
0 0.25312 0.30078 0.01562 0.01953
0 0.22344 0.31250 0.01562 0.01953
0 0.24063 0.34180 0.01562 0.01953
0 0.24375 0.37109 0.01562 0.01953
0 0.27969 0.37500 0.01562 0.01953
0 0.25000 0.24023 0.01562 0.01953
0 0.27656 0.26758 0.01562 0.01953
0 0.30625 0.28711 0.01562 0.01953
0 0.28125 0.31836 0.01562 0.01953
0 0.30000 0.35547 0.01562 0.01953
0 0.33906 0.43750 0.01562 0.01953
0 0.34063 0.38477 0.01562 0.01953
0 0.33437 0.34766 0.01562 0.01953
0 0.32344 0.30469 0.01562 0.01953
0 0.32656 0.25781 0.01562 0.01953
0 0.30156 0.24805 0.01562 0.01953
0 0.27969 0.21680 0.01562 0.01953
0 0.25312 0.12695 0.01562 0.01953
0 0.28437 0.15430 0.01562 0.01953
0 0.31406 0.15820 0.01562 0.01953
0 0.29063 0.13086 0.01562 0.01953
0 0.35000 0.16797 0.01562 0.01953
0 0.34063 0.20508 0.01562 0.01953
0 0.31094 0.20703 0.01562 0.01953
0 0.34375 0.23633 0.01562 0.01953
0 0.37188 0.24609 0.01562 0.01953
0 0.37969 0.27930 0.01562 0.01953
0 0.33906 0.28320 0.01562 0.01953
0 0.36719 0.31641 0.01562 0.01953
0 0.39687 0.32617 0.01562 0.01953
0 0.38438 0.38086 0.01562 0.01953
0 0.41094 0.35742 0.01562 0.01953
0 0.43281 0.43555 0.01562 0.01953
0 0.45312 0.39648 0.01562 0.01953
0 0.44062 0.34180 0.01562 0.01953
0 0.42500 0.28906 0.01562 0.01953
0 0.41094 0.26758 0.01562 0.01953
0 0.38281 0.17188 0.01562 0.01953
0 0.41094 0.19336 0.01562 0.01953
0 0.44062 0.18750 0.01562 0.01953
0 0.46250 0.22266 0.01562 0.01953
0 0.43281 0.24805 0.01562 0.01953
0 0.37969 0.20898 0.01562 0.01953
0 0.44688 0.28320 0.01562 0.01953
0 0.46406 0.26172 0.01562 0.01953
0 0.46250 0.30859 0.01562 0.01953
0 0.47344 0.34766 0.01562 0.01953
0 0.48438 0.29102 0.01562 0.01953
0 0.49375 0.32227 0.01562 0.01953
0 0.50156 0.25977 0.01562 0.01953
0 0.52187 0.24023 0.01562 0.01953
0 0.51094 0.17969 0.01562 0.01953
0 0.48125 0.18945 0.01562 0.01953
0 0.48438 0.23242 0.01562 0.01953
0 0.53750 0.21289 0.01562 0.01953
0 0.51094 0.29102 0.01562 0.01953
0 0.53281 0.27539 0.01562 0.01953
0 0.52812 0.33008 0.01562 0.01953
0 0.55312 0.29688 0.01562 0.01953
0 0.48750 0.43945 0.01562 0.01953
0 0.52812 0.41797 0.01562 0.01953
0 0.54219 0.37305 0.01562 0.01953
0 0.56719 0.33789 0.01562 0.01953
0 0.55937 0.47656 0.01562 0.01953
0 0.56094 0.53516 0.01562 0.01953
0 0.51562 0.52539 0.01562 0.01953
0 0.43125 0.56641 0.01562 0.01953
0 0.39844 0.54492 0.01562 0.01953
0 0.59688 0.54102 0.01562 0.01953
0 0.67812 0.60352 0.01562 0.01953
0 0.68437 0.53906 0.01562 0.01953
0 0.64687 0.46289 0.01562 0.01953
0 0.60625 0.37891 0.01562 0.01953
0 0.57031 0.40820 0.01562 0.01953
0 0.60156 0.33984 0.01562 0.01953
0 0.58281 0.30859 0.01562 0.01953
0 0.56250 0.26758 0.01562 0.01953
0 0.56563 0.24023 0.01562 0.01953
0 0.57969 0.21484 0.01562 0.01953
0 0.59219 0.25195 0.01562 0.01953
0 0.61094 0.28516 0.01562 0.01953
0 0.63750 0.29297 0.01562 0.01953
0 0.66875 0.31836 0.01562 0.01953
0 0.67969 0.42969 0.01562 0.01953
0 0.71562 0.44727 0.01562 0.01953
0 0.78594 0.52344 0.01562 0.01953
0 0.80469 0.63672 0.01562 0.01953
0 0.87187 0.68555 0.01562 0.01953
0 0.92031 0.59180 0.01562 0.01953
0 0.95469 0.63867 0.01562 0.01953
0 0.76875 0.37305 0.01562 0.01953
0 0.75938 0.32422 0.01562 0.01953
0 0.74687 0.29297 0.01562 0.01953
0 0.71094 0.28125 0.01562 0.01953
0 0.67656 0.28125 0.01562 0.01953
0 0.65938 0.25391 0.01562 0.01953
0 0.61406 0.26172 0.01562 0.01953
0 0.63125 0.24023 0.01562 0.01953
0 0.60781 0.22852 0.01562 0.01953
0 0.64531 0.21875 0.01562 0.01953
0 0.68750 0.24805 0.01562 0.01953
0 0.71406 0.24609 0.01562 0.01953
0 0.74219 0.24219 0.01562 0.01953
0 0.77187 0.24219 0.01562 0.01953
0 0.82969 0.24414 0.01562 0.01953
0 0.84844 0.18359 0.01562 0.01953
0 0.88438 0.14258 0.01562 0.01953
0 0.93437 0.17578 0.01562 0.01953
0 0.90469 0.38867 0.01562 0.01953
0 0.75313 0.20703 0.01562 0.01953
0 0.75313 0.17383 0.01562 0.01953
0 0.71562 0.21680 0.01562 0.01953
0 0.68906 0.21289 0.01562 0.01953
0 0.66563 0.22070 0.01562 0.01953
0 0.70469 0.19336 0.01562 0.01953
0 0.72813 0.18164 0.01562 0.01953
0 0.79688 0.12695 0.01562 0.01953
0 0.82188 0.10547 0.01562 0.01953
0 0.76406 0.11719 0.01562 0.01953
0 0.74844 0.14062 0.01562 0.01953
0 0.72500 0.16016 0.01562 0.01953
0 0.70000 0.17383 0.01562 0.01953
0 0.67344 0.18359 0.01562 0.01953
0 0.71250 0.13281 0.01562 0.01953
0 0.73906 0.10742 0.01562 0.01953
0 0.79219 0.07031 0.01562 0.01953
0 0.76094 0.08594 0.01562 0.01953
0 0.66250 0.12891 0.01562 0.01953
0 0.63594 0.17188 0.01562 0.01953
0 0.68906 0.11914 0.01562 0.01953
0 0.71562 0.09961 0.01562 0.01953
0 0.71094 0.02539 0.01562 0.01953
0 0.74219 0.03125 0.01562 0.01953
0 0.69688 0.05859 0.01562 0.01953
0 0.64062 0.10156 0.01562 0.01953
0 0.61250 0.13477 0.01562 0.01953
0 0.64062 0.14062 0.01562 0.01953
0 0.18281 0.14062 0.01562 0.01953
0 0.20156 0.14258 0.01562 0.01953
0 0.17500 0.16602 0.01562 0.01953
0 0.19375 0.17383 0.01562 0.01953
0 0.17813 0.19336 0.01562 0.01953
0 0.16719 0.21680 0.01562 0.01953
0 0.11250 0.03906 0.01562 0.01953
0 0.77812 0.02539 0.01562 0.01953
0 0.74219 0.07422 0.01562 0.01953
0 0.76406 0.05078 0.01562 0.01953
0 0.83906 0.03516 0.01562 0.01953
0 0.82031 0.07031 0.01562 0.01953
0 0.74844 0.41602 0.01562 0.01953
0 0.03750 0.71289 0.01562 0.01953
0 0.08125 0.67578 0.01562 0.01953
0 0.10156 0.61914 0.01562 0.01953
0 0.07500 0.56445 0.01562 0.01953
0 0.03125 0.63867 0.01562 0.01953
0 0.67812 0.05078 0.01562 0.01953
0 0.68906 0.01758 0.01562 0.01953
0 0.59844 0.20117 0.01562 0.01953
0 0.61719 0.20117 0.01562 0.01953
0 0.58437 0.17969 0.01562 0.01953
0 0.60469 0.16992 0.01562 0.01953
0 0.81875 0.67578 0.01562 0.01953
0 0.86406 0.42969 0.01562 0.01953
0 0.98281 0.64844 0.01562 0.01953
0 0.95312 0.56445 0.01562 0.01953
0 0.91875 0.62695 0.01562 0.01953
0 0.57656 0.62500 0.01562 0.01953
