0 0.01094 0.42969 0.01562 0.01953
0 0.05156 0.38281 0.01562 0.01953
0 0.03906 0.30273 0.01562 0.01953
0 0.02656 0.22656 0.01562 0.01953
0 0.02031 0.16406 0.01562 0.01953
0 0.04844 0.18945 0.01562 0.01953
0 0.04375 0.25586 0.01562 0.01953
0 0.10938 0.44531 0.01562 0.01953
0 0.16094 0.45703 0.01562 0.01953
0 0.07969 0.34180 0.01562 0.01953
0 0.05781 0.33984 0.01562 0.01953
0 0.04688 0.04297 0.01562 0.01953
0 0.02813 0.06641 0.01562 0.01953
0 0.05625 0.10156 0.01562 0.01953
0 0.05937 0.14258 0.01562 0.01953
0 0.02500 0.13086 0.01562 0.01953
0 0.07969 0.17188 0.01562 0.01953
0 0.07031 0.20508 0.01562 0.01953
0 0.09531 0.19336 0.01562 0.01953
0 0.11875 0.16602 0.01562 0.01953
0 0.12031 0.22070 0.01562 0.01953
0 0.10156 0.25586 0.01562 0.01953
0 0.07344 0.25586 0.01562 0.01953
0 0.07656 0.23438 0.01562 0.01953
0 0.10781 0.30664 0.01562 0.01953
0 0.01562 0.28125 0.01562 0.01953
0 0.11094 0.33984 0.01562 0.01953
0 0.13906 0.33203 0.01562 0.01953
0 0.10469 0.40039 0.01562 0.01953
0 0.08594 0.05273 0.01562 0.01953
0 0.08594 0.08594 0.01562 0.01953
0 0.06094 0.00977 0.01562 0.01953
0 0.12500 0.27930 0.01562 0.01953
0 0.17188 0.37305 0.01562 0.01953
0 0.18750 0.40234 0.01562 0.01953
0 0.19375 0.34766 0.01562 0.01953
0 0.22031 0.38281 0.01562 0.01953
0 0.22969 0.41016 0.01562 0.01953
0 0.25781 0.41016 0.01562 0.01953
0 0.15781 0.30469 0.01562 0.01953
0 0.16562 0.27539 0.01562 0.01953
0 0.23125 0.34570 0.01562 0.01953
0 0.25781 0.35742 0.01562 0.01953
0 0.31875 0.38672 0.01562 0.01953
0 0.32031 0.42578 0.01562 0.01953
0 0.32812 0.47070 0.01562 0.01953
0 0.81250 0.04102 0.01562 0.01953
0 0.78906 0.08594 0.01562 0.01953
0 0.77031 0.13867 0.01562 0.01953
0 0.76406 0.08594 0.01562 0.01953
0 0.79688 0.11914 0.01562 0.01953
0 0.82812 0.20117 0.01562 0.01953
0 0.86094 0.16602 0.01562 0.01953
0 0.91094 0.18555 0.01562 0.01953
0 0.76406 0.27930 0.01562 0.01953
0 0.74375 0.01172 0.01562 0.01953
0 0.74844 0.04492 0.01562 0.01953
0 0.73750 0.07227 0.01562 0.01953
0 0.73125 0.10547 0.01562 0.01953
0 0.74062 0.14062 0.01562 0.01953
0 0.72031 0.16406 0.01562 0.01953
0 0.72656 0.19531 0.01562 0.01953
0 0.72813 0.22852 0.01562 0.01953
0 0.71875 0.26367 0.01562 0.01953
0 0.71250 0.05078 0.01562 0.01953
0 0.70469 0.20312 0.01562 0.01953
0 0.69844 0.17969 0.01562 0.01953
0 0.66875 0.03320 0.01562 0.01953
0 0.66406 0.07422 0.01562 0.01953
0 0.68750 0.12109 0.01562 0.01953
0 0.65938 0.11328 0.01562 0.01953
0 0.66250 0.14844 0.01562 0.01953
0 0.61094 0.12695 0.01562 0.01953
0 0.63594 0.15039 0.01562 0.01953
0 0.66875 0.18359 0.01562 0.01953
0 0.68906 0.15430 0.01562 0.01953
0 0.71250 0.13281 0.01562 0.01953
0 0.59062 0.16016 0.01562 0.01953
0 0.12187 0.24219 0.01562 0.01953
0 0.18594 0.30273 0.01562 0.01953
0 0.21563 0.30859 0.01562 0.01953
0 0.25625 0.30859 0.01562 0.01953
0 0.22969 0.27539 0.01562 0.01953
0 0.25469 0.25391 0.01562 0.01953
0 0.18438 0.24219 0.01562 0.01953
0 0.21719 0.22461 0.01562 0.01953
0 0.19844 0.20312 0.01562 0.01953
0 0.22969 0.16992 0.01562 0.01953
0 0.15313 0.18750 0.01562 0.01953
0 0.17500 0.18359 0.01562 0.01953
0 0.15156 0.21289 0.01562 0.01953
0 0.17344 0.20898 0.01562 0.01953
0 0.15000 0.23047 0.01562 0.01953
0 0.26094 0.19336 0.01562 0.01953
0 0.29063 0.19336 0.01562 0.01953
0 0.28437 0.23633 0.01562 0.01953
0 0.27813 0.27930 0.01562 0.01953
0 0.28281 0.32031 0.01562 0.01953
0 0.30156 0.34180 0.01562 0.01953
0 0.34375 0.35352 0.01562 0.01953
0 0.37188 0.36523 0.01562 0.01953
0 0.36094 0.41797 0.01562 0.01953
0 0.40937 0.47070 0.01562 0.01953
0 0.38281 0.58008 0.01562 0.01953
0 0.41719 0.59766 0.01562 0.01953
0 0.48750 0.55469 0.01562 0.01953
0 0.55469 0.59570 0.01562 0.01953
0 0.57500 0.56055 0.01562 0.01953
0 0.54375 0.55664 0.01562 0.01953
0 0.53750 0.50000 0.01562 0.01953
0 0.47187 0.46875 0.01562 0.01953
0 0.43594 0.43359 0.01562 0.01953
0 0.50781 0.45703 0.01562 0.01953
0 0.55156 0.43750 0.01562 0.01953
0 0.63594 0.48633 0.01562 0.01953
0 0.66719 0.56445 0.01562 0.01953
0 0.66406 0.62305 0.01562 0.01953
0 0.69688 0.46680 0.01562 0.01953
0 0.71094 0.43555 0.01562 0.01953
0 0.74844 0.39258 0.01562 0.01953
0 0.85938 0.46094 0.01562 0.01953
0 0.90781 0.60938 0.01562 0.01953
0 0.93125 0.66797 0.01562 0.01953
0 0.95937 0.64453 0.01562 0.01953
0 0.98438 0.66211 0.01562 0.01953
0 0.89687 0.63477 0.01562 0.01953
0 0.32344 0.21289 0.01562 0.01953
0 0.31562 0.24414 0.01562 0.01953
0 0.32656 0.27539 0.01562 0.01953
0 0.29844 0.29492 0.01562 0.01953
0 0.32031 0.32031 0.01562 0.01953
0 0.36094 0.32227 0.01562 0.01953
0 0.37344 0.28320 0.01562 0.01953
0 0.34531 0.26953 0.01562 0.01953
0 0.35625 0.24609 0.01562 0.01953
0 0.35938 0.21484 0.01562 0.01953
0 0.38750 0.23242 0.01562 0.01953
0 0.41406 0.28125 0.01562 0.01953
0 0.39219 0.30859 0.01562 0.01953
0 0.40313 0.32812 0.01562 0.01953
0 0.42344 0.31445 0.01562 0.01953
0 0.44062 0.29883 0.01562 0.01953
0 0.39375 0.38672 0.01562 0.01953
0 0.41563 0.36914 0.01562 0.01953
0 0.45469 0.38477 0.01562 0.01953
0 0.47031 0.35742 0.01562 0.01953
0 0.43906 0.34180 0.01562 0.01953
0 0.46250 0.32422 0.01562 0.01953
0 0.51094 0.36133 0.01562 0.01953
0 0.52031 0.40430 0.01562 0.01953
0 0.59219 0.40820 0.01562 0.01953
0 0.58125 0.36719 0.01562 0.01953
0 0.54375 0.36914 0.01562 0.01953
0 0.56875 0.33984 0.01562 0.01953
0 0.53281 0.32422 0.01562 0.01953
0 0.49219 0.32031 0.01562 0.01953
0 0.51094 0.30664 0.01562 0.01953
0 0.47813 0.28125 0.01562 0.01953
0 0.45937 0.26953 0.01562 0.01953
0 0.43906 0.25391 0.01562 0.01953
0 0.41563 0.22070 0.01562 0.01953
0 0.48906 0.21289 0.01562 0.01953
0 0.46094 0.22656 0.01562 0.01953
0 0.48281 0.24609 0.01562 0.01953
0 0.50000 0.26758 0.01562 0.01953
0 0.51406 0.24023 0.01562 0.01953
0 0.55312 0.22070 0.01562 0.01953
0 0.54531 0.26758 0.01562 0.01953
0 0.54063 0.29102 0.01562 0.01953
0 0.57344 0.27930 0.01562 0.01953
0 0.59062 0.31445 0.01562 0.01953
0 0.59219 0.29102 0.01562 0.01953
0 0.60313 0.26758 0.01562 0.01953
0 0.58750 0.25000 0.01562 0.01953
0 0.55625 0.24609 0.01562 0.01953
0 0.61875 0.32227 0.01562 0.01953
0 0.64219 0.34180 0.01562 0.01953
0 0.66250 0.45312 0.01562 0.01953
0 0.68906 0.29688 0.01562 0.01953
0 0.65625 0.30664 0.01562 0.01953
0 0.72031 0.31445 0.01562 0.01953
0 0.74844 0.25391 0.01562 0.01953
0 0.78594 0.28906 0.01562 0.01953
0 0.69219 0.26758 0.01562 0.01953
0 0.68906 0.23438 0.01562 0.01953
0 0.66719 0.26758 0.01562 0.01953
0 0.63906 0.27148 0.01562 0.01953
0 0.66250 0.23242 0.01562 0.01953
0 0.67812 0.21289 0.01562 0.01953
0 0.61562 0.24805 0.01562 0.01953
0 0.61719 0.22461 0.01562 0.01953
0 0.64062 0.21094 0.01562 0.01953
0 0.63906 0.23438 0.01562 0.01953
0 0.58906 0.21289 0.01562 0.01953
0 0.61094 0.19531 0.01562 0.01953
0 0.05625 0.74023 0.01562 0.01953
0 0.03906 0.72070 0.01562 0.01953
0 0.02187 0.68945 0.01562 0.01953
0 0.08438 0.66406 0.01562 0.01953
0 0.06094 0.61328 0.01562 0.01953
0 0.56406 0.65625 0.01562 0.01953
0 0.77969 0.64062 0.01562 0.01953
0 0.80469 0.69336 0.01562 0.01953
0 0.85625 0.69531 0.01562 0.01953
