0 0.90156 0.03125 0.01562 0.01953
0 0.92188 0.02148 0.01562 0.01953
0 0.94375 0.03125 0.01562 0.01953
0 0.93594 0.07227 0.01562 0.01953
0 0.91406 0.10352 0.01562 0.01953
0 0.97500 0.06641 0.01562 0.01953
0 0.95312 0.10156 0.01562 0.01953
0 0.97656 0.01953 0.01562 0.01953
0 0.95781 0.01758 0.01562 0.01953
0 0.97969 0.10938 0.01562 0.01953
0 0.93906 0.11523 0.01562 0.01953
0 0.86719 0.15234 0.01562 0.01953
0 0.89375 0.17773 0.01562 0.01953
0 0.92344 0.16602 0.01562 0.01953
0 0.95156 0.18359 0.01562 0.01953
0 0.95937 0.14648 0.01562 0.01953
0 0.97969 0.15234 0.01562 0.01953
0 0.98594 0.18750 0.01562 0.01953
0 0.98594 0.21484 0.01562 0.01953
0 0.95937 0.20898 0.01562 0.01953
0 0.93594 0.21680 0.01562 0.01953
0 0.90156 0.20117 0.01562 0.01953
0 0.90000 0.22461 0.01562 0.01953
0 0.94219 0.24414 0.01562 0.01953
0 0.92031 0.24805 0.01562 0.01953
0 0.93437 0.26367 0.01562 0.01953
0 0.95312 0.25781 0.01562 0.01953
0 0.96250 0.29102 0.01562 0.01953
0 0.92812 0.28711 0.01562 0.01953
0 0.98125 0.28711 0.01562 0.01953
0 0.98906 0.25391 0.01562 0.01953
0 0.88750 0.25195 0.01562 0.01953
0 0.88594 0.26953 0.01562 0.01953
0 0.90469 0.28125 0.01562 0.01953
0 0.90625 0.25977 0.01562 0.01953
0 0.86562 0.22461 0.01562 0.01953
0 0.84062 0.22656 0.01562 0.01953
0 0.85313 0.27930 0.01562 0.01953
0 0.83906 0.26367 0.01562 0.01953
0 0.87187 0.28906 0.01562 0.01953
0 0.89687 0.30859 0.01562 0.01953
0 0.92031 0.32812 0.01562 0.01953
0 0.95312 0.32617 0.01562 0.01953
0 0.97500 0.38281 0.01562 0.01953
0 0.91094 0.36914 0.01562 0.01953
0 0.87813 0.34375 0.01562 0.01953
0 0.85625 0.33984 0.01562 0.01953
0 0.85781 0.31055 0.01562 0.01953
0 0.83437 0.30664 0.01562 0.01953
0 0.81875 0.27539 0.01562 0.01953
0 0.80781 0.23828 0.01562 0.01953
0 0.77500 0.27539 0.01562 0.01953
0 0.79844 0.29492 0.01562 0.01953
0 0.80312 0.32227 0.01562 0.01953
0 0.79688 0.35547 0.01562 0.01953
0 0.83281 0.36328 0.01562 0.01953
0 0.85156 0.38867 0.01562 0.01953
0 0.85156 0.42969 0.01562 0.01953
0 0.20469 0.05273 0.01562 0.01953
0 0.22969 0.04102 0.01562 0.01953
0 0.25156 0.03906 0.01562 0.01953
0 0.26719 0.02539 0.01562 0.01953
0 0.30156 0.02148 0.01562 0.01953
0 0.33906 0.00781 0.01562 0.01953
0 0.32188 0.04492 0.01562 0.01953
0 0.29375 0.06641 0.01562 0.01953
0 0.26875 0.06641 0.01562 0.01953
0 0.23125 0.09570 0.01562 0.01953
0 0.27500 0.09180 0.01562 0.01953
0 0.32969 0.08594 0.01562 0.01953
0 0.35938 0.08398 0.01562 0.01953
0 0.31094 0.11914 0.01562 0.01953
0 0.35000 0.11328 0.01562 0.01953
0 0.33750 0.13867 0.01562 0.01953
0 0.28125 0.14062 0.01562 0.01953
0 0.25938 0.14258 0.01562 0.01953
0 0.24375 0.16016 0.01562 0.01953
0 0.25938 0.18945 0.01562 0.01953
0 0.23594 0.21094 0.01562 0.01953
0 0.29531 0.20117 0.01562 0.01953
0 0.32969 0.17773 0.01562 0.01953
0 0.34687 0.20312 0.01562 0.01953
0 0.31875 0.22070 0.01562 0.01953
0 0.33750 0.23438 0.01562 0.01953
0 0.28594 0.22070 0.01562 0.01953
0 0.30938 0.25391 0.01562 0.01953
0 0.28125 0.26367 0.01562 0.01953
0 0.24219 0.25391 0.01562 0.01953
0 0.16875 0.22656 0.01562 0.01953
0 0.22812 0.29492 0.01562 0.01953
0 0.25156 0.33203 0.01562 0.01953
0 0.28594 0.32617 0.01562 0.01953
0 0.32031 0.28906 0.01562 0.01953
0 0.31250 0.33789 0.01562 0.01953
0 0.26562 0.36914 0.01562 0.01953
0 0.15781 0.34766 0.01562 0.01953
0 0.37031 0.22461 0.01562 0.01953
0 0.34375 0.26172 0.01562 0.01953
0 0.32812 0.31641 0.01562 0.01953
0 0.32344 0.37500 0.01562 0.01953
0 0.32500 0.41406 0.01562 0.01953
0 0.23125 0.44336 0.01562 0.01953
0 0.28750 0.46289 0.01562 0.01953
0 0.29063 0.51367 0.01562 0.01953
0 0.25312 0.68359 0.01562 0.01953
0 0.22969 0.63867 0.01562 0.01953
0 0.29063 0.70508 0.01562 0.01953
0 0.33437 0.71875 0.01562 0.01953
0 0.35000 0.69141 0.01562 0.01953
0 0.32656 0.62891 0.01562 0.01953
0 0.37969 0.47461 0.01562 0.01953
0 0.36562 0.39844 0.01562 0.01953
0 0.37969 0.36133 0.01562 0.01953
0 0.37656 0.32812 0.01562 0.01953
0 0.34375 0.29102 0.01562 0.01953
0 0.36719 0.28125 0.01562 0.01953
0 0.39062 0.27148 0.01562 0.01953
0 0.38438 0.24609 0.01562 0.01953
0 0.39844 0.20898 0.01562 0.01953
0 0.42500 0.21875 0.01562 0.01953
0 0.42344 0.26953 0.01562 0.01953
0 0.40469 0.30469 0.01562 0.01953
0 0.40625 0.36719 0.01562 0.01953
0 0.43438 0.39648 0.01562 0.01953
0 0.45469 0.43750 0.01562 0.01953
0 0.45312 0.48438 0.01562 0.01953
0 0.52187 0.44336 0.01562 0.01953
0 0.50000 0.41406 0.01562 0.01953
0 0.47969 0.40039 0.01562 0.01953
0 0.46250 0.36914 0.01562 0.01953
0 0.42500 0.33203 0.01562 0.01953
0 0.45156 0.32812 0.01562 0.01953
0 0.43594 0.30078 0.01562 0.01953
0 0.45000 0.26953 0.01562 0.01953
0 0.45937 0.24023 0.01562 0.01953
0 0.48125 0.26367 0.01562 0.01953
0 0.46406 0.31055 0.01562 0.01953
0 0.47969 0.33594 0.01562 0.01953
0 0.49219 0.30859 0.01562 0.01953
0 0.51875 0.28516 0.01562 0.01953
0 0.49531 0.37500 0.01562 0.01953
0 0.51719 0.33398 0.01562 0.01953
0 0.53281 0.37891 0.01562 0.01953
0 0.54688 0.35352 0.01562 0.01953
0 0.53906 0.31445 0.01562 0.01953
0 0.49219 0.20898 0.01562 0.01953
0 0.52344 0.22070 0.01562 0.01953
0 0.55625 0.23242 0.01562 0.01953
0 0.58594 0.23242 0.01562 0.01953
0 0.55469 0.27539 0.01562 0.01953
0 0.57812 0.27148 0.01562 0.01953
0 0.58281 0.30469 0.01562 0.01953
0 0.56406 0.32227 0.01562 0.01953
0 0.58750 0.34961 0.01562 0.01953
0 0.56563 0.37500 0.01562 0.01953
0 0.57969 0.40820 0.01562 0.01953
0 0.55312 0.44336 0.01562 0.01953
0 0.58437 0.44922 0.01562 0.01953
0 0.58750 0.49219 0.01562 0.01953
0 0.68750 0.63281 0.01562 0.01953
0 0.67188 0.60352 0.01562 0.01953
0 0.65625 0.55664 0.01562 0.01953
0 0.68750 0.49609 0.01562 0.01953
0 0.72188 0.58984 0.01562 0.01953
0 0.75781 0.55664 0.01562 0.01953
0 0.73438 0.49414 0.01562 0.01953
0 0.69531 0.45508 0.01562 0.01953
0 0.77344 0.48242 0.01562 0.01953
0 0.80156 0.53125 0.01562 0.01953
0 0.80000 0.58789 0.01562 0.01953
0 0.84531 0.59375 0.01562 0.01953
0 0.92656 0.64453 0.01562 0.01953
0 0.89219 0.51758 0.01562 0.01953
0 0.96406 0.49609 0.01562 0.01953
0 0.92344 0.47461 0.01562 0.01953
0 0.98594 0.46875 0.01562 0.01953
0 0.81250 0.46484 0.01562 0.01953
0 0.79063 0.42969 0.01562 0.01953
0 0.80625 0.39258 0.01562 0.01953
0 0.77031 0.38867 0.01562 0.01953
0 0.71250 0.40820 0.01562 0.01953
0 0.62500 0.44336 0.01562 0.01953
0 0.65625 0.41211 0.01562 0.01953
0 0.62969 0.39258 0.01562 0.01953
0 0.60469 0.37695 0.01562 0.01953
0 0.68281 0.40039 0.01562 0.01953
0 0.73281 0.38086 0.01562 0.01953
0 0.77500 0.33203 0.01562 0.01953
0 0.75313 0.34570 0.01562 0.01953
0 0.70156 0.36914 0.01562 0.01953
0 0.72500 0.34961 0.01562 0.01953
0 0.74219 0.31055 0.01562 0.01953
0 0.76406 0.30273 0.01562 0.01953
0 0.75156 0.27148 0.01562 0.01953
0 0.72188 0.28711 0.01562 0.01953
0 0.70000 0.32227 0.01562 0.01953
0 0.67656 0.34180 0.01562 0.01953
0 0.66406 0.35938 0.01562 0.01953
0 0.61875 0.34570 0.01562 0.01953
0 0.65156 0.33398 0.01562 0.01953
0 0.67344 0.30859 0.01562 0.01953
0 0.69531 0.28711 0.01562 0.01953
0 0.74375 0.24023 0.01562 0.01953
0 0.71250 0.24609 0.01562 0.01953
0 0.67344 0.24805 0.01562 0.01953
0 0.65000 0.26758 0.01562 0.01953
0 0.62656 0.30273 0.01562 0.01953
0 0.60156 0.30273 0.01562 0.01953
0 0.62031 0.24609 0.01562 0.01953
0 0.61875 0.27539 0.01562 0.01953
0 0.85156 0.18164 0.01562 0.01953
0 0.81875 0.67773 0.01562 0.01953
0 0.77969 0.21289 0.01562 0.01953
