0 0.35469 0.07422 0.01562 0.01953
0 0.32500 0.08008 0.01562 0.01953
0 0.31562 0.04492 0.01562 0.01953
0 0.29531 0.02734 0.01562 0.01953
0 0.22344 0.03906 0.01562 0.01953
0 0.19844 0.05273 0.01562 0.01953
0 0.25000 0.03906 0.01562 0.01953
0 0.25938 0.06641 0.01562 0.01953
0 0.22969 0.09961 0.01562 0.01953
0 0.27656 0.09961 0.01562 0.01953
0 0.30781 0.11328 0.01562 0.01953
0 0.32969 0.14062 0.01562 0.01953
0 0.34687 0.10742 0.01562 0.01953
0 0.27656 0.03320 0.01562 0.01953
0 0.34219 0.01172 0.01562 0.01953
0 0.25469 0.13672 0.01562 0.01953
0 0.28906 0.13672 0.01562 0.01953
0 0.24219 0.16016 0.01562 0.01953
0 0.26406 0.18945 0.01562 0.01953
0 0.23594 0.20508 0.01562 0.01953
0 0.29688 0.16797 0.01562 0.01953
0 0.32969 0.17773 0.01562 0.01953
0 0.29375 0.19531 0.01562 0.01953
0 0.28594 0.22656 0.01562 0.01953
0 0.31875 0.22070 0.01562 0.01953
0 0.34531 0.20117 0.01562 0.01953
0 0.23750 0.25000 0.01562 0.01953
0 0.23125 0.30078 0.01562 0.01953
0 0.22656 0.44141 0.01562 0.01953
0 0.28125 0.44922 0.01562 0.01953
0 0.26875 0.51758 0.01562 0.01953
0 0.35313 0.69141 0.01562 0.01953
0 0.32500 0.73633 0.01562 0.01953
0 0.33125 0.63867 0.01562 0.01953
0 0.29063 0.70312 0.01562 0.01953
0 0.25938 0.66797 0.01562 0.01953
0 0.23125 0.65234 0.01562 0.01953
0 0.38594 0.46680 0.01562 0.01953
0 0.89375 0.02539 0.01562 0.01953
0 0.93125 0.03711 0.01562 0.01953
0 0.96875 0.02148 0.01562 0.01953
0 0.91719 0.08398 0.01562 0.01953
0 0.96406 0.07227 0.01562 0.01953
0 0.98438 0.06641 0.01562 0.01953
0 0.93906 0.07227 0.01562 0.01953
0 0.92031 0.01758 0.01562 0.01953
0 0.94688 0.01953 0.01562 0.01953
0 0.90938 0.12695 0.01562 0.01953
0 0.96406 0.12305 0.01562 0.01953
0 0.95312 0.14648 0.01562 0.01953
0 0.97969 0.15430 0.01562 0.01953
0 0.92031 0.16602 0.01562 0.01953
0 0.87187 0.14258 0.01562 0.01953
0 0.89219 0.17773 0.01562 0.01953
0 0.94219 0.18164 0.01562 0.01953
0 0.98750 0.21875 0.01562 0.01953
0 0.96562 0.23242 0.01562 0.01953
0 0.94531 0.23438 0.01562 0.01953
0 0.92812 0.20703 0.01562 0.01953
0 0.98438 0.18164 0.01562 0.01953
0 0.96094 0.20312 0.01562 0.01953
0 0.90156 0.22461 0.01562 0.01953
0 0.84531 0.18555 0.01562 0.01953
0 0.99062 0.25586 0.01562 0.01953
0 0.98594 0.28516 0.01562 0.01953
0 0.95781 0.26172 0.01562 0.01953
0 0.95937 0.29102 0.01562 0.01953
0 0.92344 0.29102 0.01562 0.01953
0 0.93125 0.26562 0.01562 0.01953
0 0.91875 0.24219 0.01562 0.01953
0 0.88438 0.24805 0.01562 0.01953
0 0.88125 0.26953 0.01562 0.01953
0 0.90000 0.26172 0.01562 0.01953
0 0.89375 0.30469 0.01562 0.01953
0 0.91563 0.32812 0.01562 0.01953
0 0.95000 0.32422 0.01562 0.01953
0 0.98438 0.34766 0.01562 0.01953
0 0.96094 0.38867 0.01562 0.01953
0 0.90000 0.36133 0.01562 0.01953
0 0.87656 0.34570 0.01562 0.01953
0 0.86719 0.29102 0.01562 0.01953
0 0.84531 0.27344 0.01562 0.01953
0 0.84531 0.24414 0.01562 0.01953
0 0.86250 0.22266 0.01562 0.01953
0 0.81094 0.24023 0.01562 0.01953
0 0.81719 0.27930 0.01562 0.01953
0 0.83125 0.30078 0.01562 0.01953
0 0.85156 0.31250 0.01562 0.01953
0 0.85625 0.33789 0.01562 0.01953
0 0.74219 0.24609 0.01562 0.01953
0 0.77344 0.26367 0.01562 0.01953
0 0.80469 0.29492 0.01562 0.01953
0 0.79688 0.32031 0.01562 0.01953
0 0.82969 0.36719 0.01562 0.01953
0 0.85156 0.38867 0.01562 0.01953
0 0.96406 0.49414 0.01562 0.01953
0 0.91563 0.47461 0.01562 0.01953
0 0.88906 0.51758 0.01562 0.01953
0 0.92188 0.64648 0.01562 0.01953
0 0.84219 0.58984 0.01562 0.01953
0 0.79531 0.57812 0.01562 0.01953
0 0.75156 0.55664 0.01562 0.01953
0 0.78906 0.52734 0.01562 0.01953
0 0.68437 0.62695 0.01562 0.01953
0 0.69688 0.56836 0.01562 0.01953
0 0.72969 0.49609 0.01562 0.01953
0 0.76094 0.47656 0.01562 0.01953
0 0.62969 0.55078 0.01562 0.01953
0 0.67344 0.49609 0.01562 0.01953
0 0.81250 0.46484 0.01562 0.01953
0 0.85156 0.42773 0.01562 0.01953
0 0.78438 0.42969 0.01562 0.01953
0 0.80781 0.39062 0.01562 0.01953
0 0.79219 0.35547 0.01562 0.01953
0 0.76562 0.38477 0.01562 0.01953
0 0.71094 0.41211 0.01562 0.01953
0 0.72969 0.38281 0.01562 0.01953
0 0.69375 0.45312 0.01562 0.01953
0 0.58750 0.49023 0.01562 0.01953
0 0.68750 0.39648 0.01562 0.01953
0 0.70000 0.36523 0.01562 0.01953
0 0.72344 0.34375 0.01562 0.01953
0 0.76875 0.32812 0.01562 0.01953
0 0.75313 0.35156 0.01562 0.01953
0 0.76406 0.29492 0.01562 0.01953
0 0.73750 0.31250 0.01562 0.01953
0 0.71719 0.29297 0.01562 0.01953
0 0.70469 0.32617 0.01562 0.01953
0 0.68437 0.33594 0.01562 0.01953
0 0.66250 0.35742 0.01562 0.01953
0 0.65312 0.41602 0.01562 0.01953
0 0.62500 0.44531 0.01562 0.01953
0 0.58594 0.45312 0.01562 0.01953
0 0.62969 0.38867 0.01562 0.01953
0 0.64844 0.33594 0.01562 0.01953
0 0.67031 0.30859 0.01562 0.01953
0 0.68594 0.27734 0.01562 0.01953
0 0.71562 0.25195 0.01562 0.01953
0 0.67812 0.24805 0.01562 0.01953
0 0.64687 0.26172 0.01562 0.01953
0 0.63750 0.30078 0.01562 0.01953
0 0.61875 0.33789 0.01562 0.01953
0 0.60000 0.37305 0.01562 0.01953
0 0.57656 0.40820 0.01562 0.01953
0 0.56563 0.37109 0.01562 0.01953
0 0.58750 0.35156 0.01562 0.01953
0 0.60313 0.30469 0.01562 0.01953
0 0.61875 0.27734 0.01562 0.01953
0 0.61719 0.24023 0.01562 0.01953
0 0.58125 0.23242 0.01562 0.01953
0 0.55156 0.22656 0.01562 0.01953
0 0.52812 0.22656 0.01562 0.01953
0 0.48906 0.20703 0.01562 0.01953
0 0.41875 0.22656 0.01562 0.01953
0 0.39687 0.20703 0.01562 0.01953
0 0.37656 0.23047 0.01562 0.01953
0 0.41719 0.24805 0.01562 0.01953
0 0.43281 0.24805 0.01562 0.01953
0 0.38281 0.25391 0.01562 0.01953
0 0.46016 0.24512 0.00156 0.00195
0 0.48438 0.25781 0.01562 0.01953
0 0.52031 0.28125 0.01562 0.01953
0 0.55469 0.27344 0.01562 0.01953
0 0.58125 0.27539 0.01562 0.01953
0 0.56563 0.31641 0.01562 0.01953
0 0.54375 0.31445 0.01562 0.01953
0 0.49688 0.31445 0.01562 0.01953
0 0.51406 0.32812 0.01562 0.01953
0 0.54844 0.35156 0.01562 0.01953
0 0.51875 0.38672 0.01562 0.01953
0 0.49375 0.36914 0.01562 0.01953
0 0.47500 0.33594 0.01562 0.01953
0 0.46875 0.30859 0.01562 0.01953
0 0.43438 0.30664 0.01562 0.01953
0 0.41250 0.29102 0.01562 0.01953
0 0.39062 0.27930 0.01562 0.01953
0 0.34219 0.26562 0.01562 0.01953
0 0.36562 0.28320 0.01562 0.01953
0 0.34687 0.29297 0.01562 0.01953
0 0.31562 0.28711 0.01562 0.01953
0 0.30000 0.25000 0.01562 0.01953
0 0.27500 0.25781 0.01562 0.01953
0 0.27813 0.32227 0.01562 0.01953
0 0.24688 0.33594 0.01562 0.01953
0 0.26719 0.37305 0.01562 0.01953
0 0.31250 0.33789 0.01562 0.01953
0 0.31719 0.36914 0.01562 0.01953
0 0.32812 0.41602 0.01562 0.01953
0 0.37031 0.33008 0.01562 0.01953
0 0.37188 0.36328 0.01562 0.01953
0 0.38281 0.40234 0.01562 0.01953
0 0.39687 0.31445 0.01562 0.01953
0 0.44062 0.32812 0.01562 0.01953
0 0.45000 0.27734 0.01562 0.01953
0 0.42188 0.33594 0.01562 0.01953
0 0.40937 0.35938 0.01562 0.01953
0 0.45781 0.36914 0.01562 0.01953
0 0.42969 0.39844 0.01562 0.01953
0 0.46875 0.40234 0.01562 0.01953
0 0.50000 0.41992 0.01562 0.01953
0 0.45625 0.43945 0.01562 0.01953
0 0.44531 0.48633 0.01562 0.01953
0 0.52187 0.44141 0.01562 0.01953
0 0.55312 0.44922 0.01562 0.01953
0 0.15156 0.39062 0.01562 0.01953
0 0.82031 0.67969 0.01562 0.01953
0 0.77969 0.20898 0.01562 0.01953
0 0.16719 0.22461 0.01562 0.01953
