0 0.07969 0.11914 0.01562 0.01953
0 0.07969 0.06055 0.01562 0.01953
0 0.14375 0.04297 0.01562 0.01953
0 0.18125 0.04688 0.01562 0.01953
0 0.19844 0.07031 0.01562 0.01953
0 0.21719 0.04492 0.01562 0.01953
0 0.20469 0.01172 0.01562 0.01953
0 0.24688 0.05664 0.01562 0.01953
0 0.27031 0.07422 0.01562 0.01953
0 0.24063 0.10938 0.01562 0.01953
0 0.22500 0.08594 0.01562 0.01953
0 0.30156 0.13281 0.01562 0.01953
0 0.26406 0.11914 0.01562 0.01953
0 0.12812 0.08594 0.01562 0.01953
0 0.16406 0.10938 0.01562 0.01953
0 0.19375 0.10547 0.01562 0.01953
0 0.21563 0.12695 0.01562 0.01953
0 0.24063 0.14453 0.01562 0.01953
0 0.27500 0.16211 0.01562 0.01953
0 0.30938 0.16992 0.01562 0.01953
0 0.28906 0.20117 0.01562 0.01953
0 0.26406 0.19141 0.01562 0.01953
0 0.18750 0.13867 0.01562 0.01953
0 0.21563 0.16602 0.01562 0.01953
0 0.22969 0.18750 0.01562 0.01953
0 0.17344 0.15234 0.01562 0.01953
0 0.15469 0.17383 0.01562 0.01953
0 0.18438 0.20703 0.01562 0.01953
0 0.24063 0.22070 0.01562 0.01953
0 0.21875 0.23242 0.01562 0.01953
0 0.21094 0.26172 0.01562 0.01953
0 0.20938 0.29883 0.01562 0.01953
0 0.23125 0.34570 0.01562 0.01953
0 0.22344 0.39062 0.01562 0.01953
0 0.25312 0.41016 0.01562 0.01953
0 0.27969 0.44727 0.01562 0.01953
0 0.24531 0.51367 0.01562 0.01953
0 0.24844 0.59180 0.01562 0.01953
0 0.25156 0.63086 0.01562 0.01953
0 0.28125 0.39258 0.01562 0.01953
0 0.26250 0.34180 0.01562 0.01953
0 0.25312 0.29492 0.01562 0.01953
0 0.23750 0.27539 0.01562 0.01953
0 0.26250 0.24219 0.01562 0.01953
0 0.26875 0.26953 0.01562 0.01953
0 0.29688 0.23438 0.01562 0.01953
0 0.29063 0.28711 0.01562 0.01953
0 0.28281 0.31641 0.01562 0.01953
0 0.30625 0.34766 0.01562 0.01953
0 0.31406 0.40039 0.01562 0.01953
0 0.32344 0.37305 0.01562 0.01953
0 0.33125 0.42969 0.01562 0.01953
0 0.31562 0.52148 0.01562 0.01953
0 0.30625 0.71484 0.01562 0.01953
0 0.32812 0.74023 0.01562 0.01953
0 0.37188 0.75586 0.01562 0.01953
0 0.41719 0.76562 0.01562 0.01953
0 0.42969 0.72656 0.01562 0.01953
0 0.39219 0.68359 0.01562 0.01953
0 0.74062 0.56250 0.01562 0.01953
0 0.97188 0.50391 0.01562 0.01953
0 0.97500 0.32812 0.01562 0.01953
0 0.93437 0.32227 0.01562 0.01953
0 0.90938 0.37305 0.01562 0.01953
0 0.87813 0.46680 0.01562 0.01953
0 0.83437 0.47070 0.01562 0.01953
0 0.79063 0.48047 0.01562 0.01953
0 0.86406 0.03711 0.01562 0.01953
0 0.89375 0.02930 0.01562 0.01953
0 0.92969 0.01758 0.01562 0.01953
0 0.94688 0.04492 0.01562 0.01953
0 0.90469 0.05273 0.01562 0.01953
0 0.92500 0.07031 0.01562 0.01953
0 0.80937 0.03711 0.01562 0.01953
0 0.83594 0.05273 0.01562 0.01953
0 0.88125 0.07227 0.01562 0.01953
0 0.90000 0.09180 0.01562 0.01953
0 0.95000 0.08398 0.01562 0.01953
0 0.98125 0.11133 0.01562 0.01953
0 0.94688 0.11914 0.01562 0.01953
0 0.91563 0.10938 0.01562 0.01953
0 0.92500 0.13477 0.01562 0.01953
0 0.89219 0.11914 0.01562 0.01953
0 0.85781 0.09180 0.01562 0.01953
0 0.85000 0.11914 0.01562 0.01953
0 0.88906 0.15039 0.01562 0.01953
0 0.92656 0.17383 0.01562 0.01953
0 0.97969 0.18359 0.01562 0.01953
0 0.93437 0.22070 0.01562 0.01953
0 0.90000 0.23242 0.01562 0.01953
0 0.90000 0.17969 0.01562 0.01953
0 0.86250 0.22070 0.01562 0.01953
0 0.86250 0.17188 0.01562 0.01953
0 0.85938 0.13672 0.01562 0.01953
0 0.79531 0.07227 0.01562 0.01953
0 0.84219 0.14648 0.01562 0.01953
0 0.83437 0.16602 0.01562 0.01953
0 0.82344 0.19531 0.01562 0.01953
0 0.83437 0.21875 0.01562 0.01953
0 0.81406 0.16602 0.01562 0.01953
0 0.83437 0.27539 0.01562 0.01953
0 0.85469 0.30859 0.01562 0.01953
0 0.82188 0.35547 0.01562 0.01953
0 0.78750 0.38281 0.01562 0.01953
0 0.77031 0.13281 0.01562 0.01953
0 0.80156 0.13867 0.01562 0.01953
0 0.78594 0.17188 0.01562 0.01953
0 0.77031 0.19531 0.01562 0.01953
0 0.81250 0.25000 0.01562 0.01953
0 0.78125 0.25391 0.01562 0.01953
0 0.79688 0.28711 0.01562 0.01953
0 0.79219 0.33203 0.01562 0.01953
0 0.75313 0.41211 0.01562 0.01953
0 0.81875 0.42578 0.01562 0.01953
0 0.73750 0.12695 0.01562 0.01953
0 0.74375 0.17969 0.01562 0.01953
0 0.74062 0.21289 0.01562 0.01953
0 0.76094 0.24023 0.01562 0.01953
0 0.78125 0.22070 0.01562 0.01953
0 0.76250 0.29492 0.01562 0.01953
0 0.72656 0.30273 0.01562 0.01953
0 0.71406 0.33594 0.01562 0.01953
0 0.71250 0.38672 0.01562 0.01953
0 0.68906 0.43359 0.01562 0.01953
0 0.69531 0.53320 0.01562 0.01953
0 0.59531 0.51172 0.01562 0.01953
0 0.61406 0.45898 0.01562 0.01953
0 0.52187 0.56055 0.01562 0.01953
0 0.47500 0.50195 0.01562 0.01953
0 0.44844 0.51562 0.01562 0.01953
0 0.41250 0.50195 0.01562 0.01953
0 0.31562 0.29102 0.01562 0.01953
0 0.32031 0.26172 0.01562 0.01953
0 0.32969 0.32031 0.01562 0.01953
0 0.33750 0.34863 0.00000 0.00195
0 0.37969 0.40625 0.01562 0.01953
0 0.34687 0.46484 0.01562 0.01953
0 0.44531 0.42188 0.01562 0.01953
0 0.47187 0.45703 0.01562 0.01953
0 0.41250 0.39648 0.01562 0.01953
0 0.36562 0.37305 0.01562 0.01953
0 0.42031 0.36133 0.01562 0.01953
0 0.51094 0.41797 0.01562 0.01953
0 0.49062 0.41016 0.01562 0.01953
0 0.57188 0.42969 0.01562 0.01953
0 0.53906 0.42969 0.01562 0.01953
0 0.63125 0.40430 0.01562 0.01953
0 0.37188 0.24805 0.01562 0.01953
0 0.38594 0.23633 0.01562 0.01953
0 0.40469 0.23438 0.01562 0.01953
0 0.38906 0.26172 0.01562 0.01953
0 0.40937 0.26172 0.01562 0.01953
0 0.39844 0.30078 0.01562 0.01953
0 0.36094 0.33594 0.01562 0.01953
0 0.33750 0.27539 0.01562 0.01953
0 0.36094 0.29102 0.01562 0.01953
0 0.37500 0.30859 0.01562 0.01953
0 0.40156 0.32617 0.01562 0.01953
0 0.38750 0.35352 0.01562 0.01953
0 0.43906 0.35156 0.01562 0.01953
0 0.45781 0.38281 0.01562 0.01953
0 0.49062 0.37109 0.01562 0.01953
0 0.53125 0.37500 0.01562 0.01953
0 0.58437 0.37891 0.01562 0.01953
0 0.59844 0.42188 0.01562 0.01953
0 0.66250 0.36133 0.01562 0.01953
0 0.68281 0.33594 0.01562 0.01953
0 0.63125 0.34375 0.01562 0.01953
0 0.60469 0.34570 0.01562 0.01953
0 0.56875 0.34570 0.01562 0.01953
0 0.69531 0.29688 0.01562 0.01953
0 0.71094 0.27344 0.01562 0.01953
0 0.73750 0.25977 0.01562 0.01953
0 0.71875 0.24023 0.01562 0.01953
0 0.68437 0.25977 0.01562 0.01953
0 0.69688 0.21289 0.01562 0.01953
0 0.71562 0.19531 0.01562 0.01953
0 0.65469 0.30078 0.01562 0.01953
0 0.66719 0.27539 0.01562 0.01953
0 0.61250 0.30859 0.01562 0.01953
0 0.58281 0.31836 0.01562 0.01953
0 0.54219 0.33398 0.01562 0.01953
0 0.50938 0.32812 0.01562 0.01953
0 0.47187 0.34180 0.01562 0.01953
0 0.45469 0.31445 0.01562 0.01953
0 0.42812 0.32812 0.01562 0.01953
0 0.43125 0.29297 0.01562 0.01953
0 0.43281 0.25977 0.01562 0.01953
0 0.46250 0.27539 0.01562 0.01953
0 0.48438 0.30859 0.01562 0.01953
0 0.50156 0.28125 0.01562 0.01953
0 0.52969 0.30078 0.01562 0.01953
0 0.55312 0.30078 0.01562 0.01953
0 0.56563 0.27930 0.01562 0.01953
0 0.45312 0.21289 0.01562 0.01953
0 0.49531 0.22656 0.01562 0.01953
0 0.52187 0.21875 0.01562 0.01953
0 0.55781 0.21289 0.01562 0.01953
0 0.53125 0.26172 0.01562 0.01953
0 0.55937 0.25195 0.01562 0.01953
0 0.59062 0.24023 0.01562 0.01953
0 0.58906 0.27734 0.01562 0.01953
0 0.61406 0.26758 0.01562 0.01953
0 0.65156 0.25391 0.01562 0.01953
0 0.66875 0.22070 0.01562 0.01953
0 0.68125 0.18164 0.01562 0.01953
0 0.70937 0.16016 0.01562 0.01953
0 0.64687 0.20117 0.01562 0.01953
0 0.62187 0.22070 0.01562 0.01953
0 0.59219 0.20312 0.01562 0.01953
0 0.87813 0.56055 0.01562 0.01953
0 0.15000 0.34180 0.01562 0.01953
