0 0.32500 0.75391 0.01562 0.01953
0 0.35000 0.72656 0.01562 0.01953
0 0.39219 0.73828 0.01562 0.01953
0 0.61094 0.71680 0.01562 0.01953
0 0.60625 0.85742 0.01562 0.01953
0 0.75000 0.77148 0.01562 0.01953
0 0.79844 0.83789 0.01562 0.01953
0 0.93594 0.78125 0.01562 0.01953
0 0.85313 0.92773 0.01562 0.01953
0 0.65625 0.58203 0.01562 0.01953
0 0.57656 0.58008 0.01562 0.01953
0 0.61719 0.55078 0.01562 0.01953
0 0.76562 0.38281 0.01562 0.01953
0 0.70625 0.33789 0.01562 0.01953
0 0.95156 0.08594 0.01562 0.01953
