0 0.87187 0.02539 0.01562 0.01953
0 0.89375 0.03906 0.01562 0.01953
0 0.86875 0.05273 0.01562 0.01953
0 0.84531 0.05078 0.01562 0.01953
0 0.82500 0.05078 0.01562 0.01953
0 0.79219 0.07227 0.01562 0.01953
0 0.97188 0.04297 0.01562 0.01953
0 0.95469 0.01172 0.01562 0.01953
0 0.92969 0.05078 0.01562 0.01953
0 0.94219 0.08203 0.01562 0.01953
0 0.90000 0.08398 0.01562 0.01953
0 0.87813 0.09766 0.01562 0.01953
0 0.90312 0.14062 0.01562 0.01953
0 0.87344 0.14453 0.01562 0.01953
0 0.84531 0.08594 0.01562 0.01953
0 0.80781 0.11523 0.01562 0.01953
0 0.77812 0.10547 0.01562 0.01953
0 0.93750 0.17969 0.01562 0.01953
0 0.91406 0.23242 0.01562 0.01953
0 0.87500 0.18750 0.01562 0.01953
0 0.83437 0.20703 0.01562 0.01953
0 0.87656 0.24023 0.01562 0.01953
0 0.88906 0.27930 0.01562 0.01953
0 0.92656 0.29883 0.01562 0.01953
0 0.98125 0.32812 0.01562 0.01953
0 0.92500 0.36133 0.01562 0.01953
0 0.86406 0.32227 0.01562 0.01953
0 0.80156 0.23242 0.01562 0.01953
0 0.80937 0.16016 0.01562 0.01953
0 0.83906 0.16016 0.01562 0.01953
0 0.73750 0.11523 0.01562 0.01953
0 0.75469 0.13281 0.01562 0.01953
0 0.78750 0.14258 0.01562 0.01953
0 0.72188 0.14453 0.01562 0.01953
0 0.75000 0.17383 0.01562 0.01953
0 0.77500 0.17773 0.01562 0.01953
0 0.80469 0.18945 0.01562 0.01953
0 0.74844 0.20508 0.01562 0.01953
0 0.77500 0.21680 0.01562 0.01953
0 0.72031 0.18945 0.01562 0.01953
0 0.69531 0.16992 0.01562 0.01953
0 0.71875 0.22656 0.01562 0.01953
0 0.74844 0.24023 0.01562 0.01953
0 0.74375 0.26758 0.01562 0.01953
0 0.77656 0.24609 0.01562 0.01953
0 0.80937 0.26953 0.01562 0.01953
0 0.77500 0.28711 0.01562 0.01953
0 0.81875 0.32227 0.01562 0.01953
0 0.81875 0.37109 0.01562 0.01953
0 0.67969 0.20508 0.01562 0.01953
0 0.64844 0.21875 0.01562 0.01953
0 0.68750 0.25586 0.01562 0.01953
0 0.65938 0.24219 0.01562 0.01953
0 0.61875 0.24414 0.01562 0.01953
0 0.75938 0.32031 0.01562 0.01953
0 0.73594 0.31445 0.01562 0.01953
0 0.70156 0.29102 0.01562 0.01953
0 0.71094 0.33594 0.01562 0.01953
0 0.75781 0.36914 0.01562 0.01953
0 0.74844 0.43164 0.01562 0.01953
0 0.72188 0.40430 0.01562 0.01953
0 0.70000 0.38281 0.01562 0.01953
0 0.67656 0.32812 0.01562 0.01953
0 0.67344 0.35742 0.01562 0.01953
0 0.62969 0.26758 0.01562 0.01953
0 0.65625 0.28711 0.01562 0.01953
0 0.64531 0.31836 0.01562 0.01953
0 0.59062 0.26172 0.01562 0.01953
0 0.56406 0.28711 0.01562 0.01953
0 0.59219 0.33594 0.01562 0.01953
0 0.62031 0.33398 0.01562 0.01953
0 0.64531 0.35742 0.01562 0.01953
0 0.64687 0.39648 0.01562 0.01953
0 0.67500 0.44336 0.01562 0.01953
0 0.52656 0.28906 0.01562 0.01953
0 0.55000 0.33594 0.01562 0.01953
0 0.58750 0.36523 0.01562 0.01953
0 0.61406 0.37109 0.01562 0.01953
0 0.62031 0.40820 0.01562 0.01953
0 0.64531 0.44336 0.01562 0.01953
0 0.52187 0.34180 0.01562 0.01953
0 0.53594 0.37305 0.01562 0.01953
0 0.56875 0.38672 0.01562 0.01953
0 0.58750 0.40625 0.01562 0.01953
0 0.59219 0.43750 0.01562 0.01953
0 0.61875 0.45508 0.01562 0.01953
0 0.47813 0.35938 0.01562 0.01953
0 0.49219 0.37695 0.01562 0.01953
0 0.49531 0.34766 0.01562 0.01953
0 0.50469 0.36719 0.01562 0.01953
0 0.50781 0.39648 0.01562 0.01953
0 0.54063 0.40820 0.01562 0.01953
0 0.54063 0.44336 0.01562 0.01953
0 0.55469 0.47852 0.01562 0.01953
0 0.58750 0.47656 0.01562 0.01953
0 0.61875 0.50000 0.01562 0.01953
0 0.87500 0.48242 0.01562 0.01953
0 0.78438 0.47461 0.01562 0.01953
0 0.74219 0.62305 0.01562 0.01953
0 0.67500 0.57031 0.01562 0.01953
0 0.61875 0.55078 0.01562 0.01953
0 0.58906 0.58008 0.01562 0.01953
0 0.56875 0.63086 0.01562 0.01953
0 0.55781 0.82422 0.01562 0.01953
0 0.59375 0.83594 0.01562 0.01953
0 0.62969 0.82617 0.01562 0.01953
0 0.66719 0.81250 0.01562 0.01953
0 0.67188 0.77539 0.01562 0.01953
0 0.64531 0.73828 0.01562 0.01953
0 0.60156 0.76562 0.01562 0.01953
0 0.61875 0.74414 0.01562 0.01953
0 0.49531 0.64062 0.01562 0.01953
0 0.45937 0.58203 0.01562 0.01953
0 0.52500 0.53711 0.01562 0.01953
0 0.52500 0.50586 0.01562 0.01953
0 0.51719 0.44336 0.01562 0.01953
0 0.51406 0.41406 0.01562 0.01953
0 0.50000 0.48242 0.01562 0.01953
0 0.49531 0.51172 0.01562 0.01953
0 0.45937 0.52930 0.01562 0.01953
0 0.42500 0.54297 0.01562 0.01953
0 0.40625 0.56445 0.01562 0.01953
0 0.37812 0.56055 0.01562 0.01953
0 0.44219 0.48633 0.01562 0.01953
0 0.46250 0.49609 0.01562 0.01953
0 0.46406 0.46680 0.01562 0.01953
0 0.47969 0.44141 0.01562 0.01953
0 0.49531 0.42773 0.01562 0.01953
0 0.47500 0.40234 0.01562 0.01953
0 0.45781 0.35938 0.01562 0.01953
0 0.44688 0.40820 0.01562 0.01953
0 0.44531 0.38281 0.01562 0.01953
0 0.42812 0.39648 0.01562 0.01953
0 0.43125 0.42773 0.01562 0.01953
0 0.40937 0.43750 0.01562 0.01953
0 0.41406 0.47656 0.01562 0.01953
0 0.39531 0.50781 0.01562 0.01953
0 0.37031 0.53125 0.01562 0.01953
0 0.32344 0.96094 0.01562 0.01953
0 0.22812 0.54102 0.01562 0.01953
0 0.30156 0.55664 0.01562 0.01953
0 0.33437 0.49805 0.01562 0.01953
0 0.36562 0.46875 0.01562 0.01953
0 0.37812 0.43945 0.01562 0.01953
0 0.39062 0.38477 0.01562 0.01953
0 0.35000 0.45312 0.01562 0.01953
0 0.32031 0.45703 0.01562 0.01953
0 0.33906 0.40625 0.01562 0.01953
0 0.32500 0.42773 0.01562 0.01953
0 0.34844 0.36523 0.01562 0.01953
0 0.37188 0.36914 0.01562 0.01953
0 0.55937 0.47070 0.01562 0.01953
0 0.34375 0.31641 0.01562 0.01953
0 0.35781 0.29297 0.01562 0.01953
0 0.31094 0.38672 0.01562 0.01953
0 0.28437 0.41406 0.01562 0.01953
0 0.24688 0.39648 0.01562 0.01953
0 0.17813 0.40820 0.01562 0.01953
0 0.14375 0.36328 0.01562 0.01953
0 0.20469 0.36914 0.01562 0.01953
0 0.30000 0.35742 0.01562 0.01953
0 0.26875 0.36133 0.01562 0.01953
0 0.26094 0.36914 0.01562 0.01953
0 0.24063 0.34766 0.01562 0.01953
0 0.25625 0.33203 0.01562 0.01953
0 0.28281 0.32617 0.01562 0.01953
0 0.30625 0.33789 0.01562 0.01953
0 0.30469 0.29883 0.01562 0.01953
0 0.30625 0.26172 0.01562 0.01953
0 0.28125 0.25391 0.01562 0.01953
0 0.26094 0.24609 0.01562 0.01953
0 0.25312 0.29297 0.01562 0.01953
0 0.22344 0.27734 0.01562 0.01953
0 0.20312 0.28906 0.01562 0.01953
0 0.16406 0.29297 0.01562 0.01953
0 0.13750 0.25781 0.01562 0.01953
0 0.23125 0.22461 0.01562 0.01953
0 0.17188 0.21289 0.01562 0.01953
0 0.14219 0.21875 0.01562 0.01953
0 0.10938 0.22656 0.01562 0.01953
0 0.12656 0.19531 0.01562 0.01953
0 0.24219 0.16797 0.01562 0.01953
0 0.19844 0.17188 0.01562 0.01953
0 0.16875 0.17969 0.01562 0.01953
0 0.15937 0.16016 0.01562 0.01953
0 0.17813 0.14453 0.01562 0.01953
0 0.20938 0.12305 0.01562 0.01953
0 0.18750 0.09180 0.01562 0.01953
0 0.14688 0.12305 0.01562 0.01953
0 0.12812 0.13477 0.01562 0.01953
0 0.13437 0.09180 0.01562 0.01953
0 0.09844 0.09375 0.01562 0.01953
0 0.08594 0.05469 0.01562 0.01953
0 0.11094 0.04492 0.01562 0.01953
0 0.13594 0.01758 0.01562 0.01953
0 0.07656 0.02539 0.01562 0.01953
0 0.05469 0.06641 0.01562 0.01953
0 0.03438 0.06250 0.01562 0.01953
0 0.02344 0.09961 0.01562 0.01953
0 0.04375 0.14844 0.01562 0.01953
0 0.02031 0.02930 0.01562 0.01953
0 0.02500 0.32227 0.01562 0.01953
0 0.75625 0.06250 0.01562 0.01953
0 0.21563 0.18750 0.01562 0.01953
0 0.19531 0.21680 0.01562 0.01953
0 0.19844 0.14453 0.01562 0.01953
