0 0.24688 0.16797 0.01562 0.01953
0 0.01562 0.02930 0.01562 0.01953
0 0.07344 0.02539 0.01562 0.01953
0 0.01094 0.09375 0.01562 0.01953
0 0.03750 0.15039 0.01562 0.01953
0 0.08438 0.16602 0.01562 0.01953
0 0.10625 0.22656 0.01562 0.01953
0 0.13281 0.26172 0.01562 0.01953
0 0.17031 0.29883 0.01562 0.01953
0 0.14531 0.36133 0.01562 0.01953
0 0.02969 0.31445 0.01562 0.01953
0 0.03594 0.06250 0.01562 0.01953
0 0.05312 0.06641 0.01562 0.01953
0 0.08594 0.05859 0.01562 0.01953
0 0.11250 0.05469 0.01562 0.01953
0 0.13281 0.01758 0.01562 0.01953
0 0.13906 0.05859 0.01562 0.01953
0 0.10312 0.07812 0.01562 0.01953
0 0.09062 0.11914 0.01562 0.01953
0 0.10469 0.14258 0.01562 0.01953
0 0.12344 0.14844 0.01562 0.01953
0 0.12344 0.19336 0.01562 0.01953
0 0.14531 0.22070 0.01562 0.01953
0 0.13281 0.09375 0.01562 0.01953
0 0.14531 0.12500 0.01562 0.01953
0 0.18750 0.08398 0.01562 0.01953
0 0.21094 0.12305 0.01562 0.01953
0 0.14844 0.16406 0.01562 0.01953
0 0.17188 0.18164 0.01562 0.01953
0 0.16719 0.14062 0.01562 0.01953
0 0.16719 0.21680 0.01562 0.01953
0 0.22812 0.22852 0.01562 0.01953
0 0.20000 0.28711 0.01562 0.01953
0 0.22187 0.27734 0.01562 0.01953
0 0.17813 0.40820 0.01562 0.01953
0 0.20625 0.37500 0.01562 0.01953
0 0.23594 0.34570 0.01562 0.01953
0 0.25312 0.32227 0.01562 0.01953
0 0.25469 0.29297 0.01562 0.01953
0 0.24688 0.25391 0.01562 0.01953
0 0.27500 0.24805 0.01562 0.01953
0 0.30938 0.25977 0.01562 0.01953
0 0.30156 0.30469 0.01562 0.01953
0 0.27969 0.33398 0.01562 0.01953
0 0.26562 0.35742 0.01562 0.01953
0 0.25312 0.38086 0.01562 0.01953
0 0.24531 0.40820 0.01562 0.01953
0 0.22500 0.52734 0.01562 0.01953
0 0.29844 0.55859 0.01562 0.01953
0 0.37344 0.56836 0.01562 0.01953
0 0.40625 0.57031 0.01562 0.01953
0 0.45469 0.58398 0.01562 0.01953
0 0.42188 0.54297 0.01562 0.01953
0 0.36094 0.52148 0.01562 0.01953
0 0.32969 0.49609 0.01562 0.01953
0 0.31250 0.45508 0.01562 0.01953
0 0.28594 0.41211 0.01562 0.01953
0 0.31250 0.38281 0.01562 0.01953
0 0.29531 0.36133 0.01562 0.01953
0 0.32500 0.31055 0.01562 0.01953
0 0.30156 0.33594 0.01562 0.01953
0 0.36250 0.29688 0.01562 0.01953
0 0.34844 0.33594 0.01562 0.01953
0 0.35313 0.36523 0.01562 0.01953
0 0.33437 0.41406 0.01562 0.01953
0 0.31719 0.42188 0.01562 0.01953
0 0.36250 0.41406 0.01562 0.01953
0 0.34375 0.45312 0.01562 0.01953
0 0.37188 0.47070 0.01562 0.01953
0 0.38281 0.43555 0.01562 0.01953
0 0.39687 0.49609 0.01562 0.01953
0 0.41563 0.47070 0.01562 0.01953
0 0.40781 0.43945 0.01562 0.01953
0 0.41875 0.39844 0.01562 0.01953
0 0.39219 0.39648 0.01562 0.01953
0 0.43125 0.43555 0.01562 0.01953
0 0.44688 0.44336 0.01562 0.01953
0 0.43750 0.48633 0.01562 0.01953
0 0.46094 0.50781 0.01562 0.01953
0 0.46563 0.52930 0.01562 0.01953
0 0.50469 0.64844 0.01562 0.01953
0 0.55469 0.63477 0.01562 0.01953
0 0.55469 0.83008 0.01562 0.01953
0 0.57969 0.83789 0.01562 0.01953
0 0.62656 0.82617 0.01562 0.01953
0 0.67188 0.82031 0.01562 0.01953
0 0.67031 0.77734 0.01562 0.01953
0 0.64219 0.74609 0.01562 0.01953
0 0.61875 0.75000 0.01562 0.01953
0 0.59219 0.76172 0.01562 0.01953
0 0.74844 0.63867 0.01562 0.01953
0 0.67031 0.59180 0.01562 0.01953
0 0.62031 0.55078 0.01562 0.01953
0 0.57969 0.57812 0.01562 0.01953
0 0.52187 0.53125 0.01562 0.01953
0 0.52031 0.50195 0.01562 0.01953
0 0.49062 0.52539 0.01562 0.01953
0 0.54844 0.47461 0.01562 0.01953
0 0.57812 0.49023 0.01562 0.01953
0 0.49531 0.47656 0.01562 0.01953
0 0.46719 0.47070 0.01562 0.01953
0 0.48281 0.44727 0.01562 0.01953
0 0.47031 0.40234 0.01562 0.01953
0 0.44062 0.38867 0.01562 0.01953
0 0.46250 0.36133 0.01562 0.01953
0 0.48438 0.35938 0.01562 0.01953
0 0.49531 0.34375 0.01562 0.01953
0 0.48906 0.37109 0.01562 0.01953
0 0.50156 0.36133 0.01562 0.01953
0 0.50625 0.39258 0.01562 0.01953
0 0.51094 0.43750 0.01562 0.01953
0 0.48906 0.41992 0.01562 0.01953
0 0.51562 0.41406 0.01562 0.01953
0 0.53594 0.39844 0.01562 0.01953
0 0.55781 0.41602 0.01562 0.01953
0 0.53750 0.44141 0.01562 0.01953
0 0.60938 0.49023 0.01562 0.01953
0 0.61406 0.44922 0.01562 0.01953
0 0.58750 0.43555 0.01562 0.01953
0 0.62031 0.41602 0.01562 0.01953
0 0.58750 0.40820 0.01562 0.01953
0 0.56406 0.38672 0.01562 0.01953
0 0.53281 0.36719 0.01562 0.01953
0 0.52187 0.33594 0.01562 0.01953
0 0.52500 0.28711 0.01562 0.01953
0 0.55078 0.34570 0.00156 0.00000
0 0.58750 0.35938 0.01562 0.01953
0 0.64219 0.44922 0.01562 0.01953
0 0.67344 0.43945 0.01562 0.01953
0 0.76719 0.48047 0.01562 0.01953
0 0.90000 0.46094 0.01562 0.01953
0 0.81406 0.37500 0.01562 0.01953
0 0.74531 0.42969 0.01562 0.01953
0 0.71562 0.40820 0.01562 0.01953
0 0.75313 0.37305 0.01562 0.01953
0 0.64844 0.40234 0.01562 0.01953
0 0.70000 0.38867 0.01562 0.01953
0 0.67344 0.35742 0.01562 0.01953
0 0.65000 0.35547 0.01562 0.01953
0 0.61250 0.37109 0.01562 0.01953
0 0.56250 0.28516 0.01562 0.01953
0 0.59531 0.32812 0.01562 0.01953
0 0.62344 0.33984 0.01562 0.01953
0 0.58750 0.26172 0.01562 0.01953
0 0.64062 0.32031 0.01562 0.01953
0 0.67500 0.32617 0.01562 0.01953
0 0.70625 0.33398 0.01562 0.01953
0 0.73594 0.31055 0.01562 0.01953
0 0.76250 0.32227 0.01562 0.01953
0 0.61719 0.24023 0.01562 0.01953
0 0.63125 0.26953 0.01562 0.01953
0 0.61250 0.29297 0.01562 0.01953
0 0.65156 0.28906 0.01562 0.01953
0 0.66719 0.26953 0.01562 0.01953
0 0.70156 0.28711 0.01562 0.01953
0 0.69375 0.26172 0.01562 0.01953
0 0.65781 0.24805 0.01562 0.01953
0 0.64062 0.21680 0.01562 0.01953
0 0.67969 0.20703 0.01562 0.01953
0 0.68906 0.17383 0.01562 0.01953
0 0.72031 0.22852 0.01562 0.01953
0 0.74375 0.26758 0.01562 0.01953
0 0.71875 0.26172 0.01562 0.01953
0 0.77187 0.29297 0.01562 0.01953
0 0.80312 0.26758 0.01562 0.01953
0 0.80781 0.32812 0.01562 0.01953
0 0.86719 0.31641 0.01562 0.01953
0 0.91250 0.35547 0.01562 0.01953
0 0.97031 0.33594 0.01562 0.01953
0 0.92969 0.29492 0.01562 0.01953
0 0.88125 0.27539 0.01562 0.01953
0 0.87187 0.22852 0.01562 0.01953
0 0.91719 0.23047 0.01562 0.01953
0 0.77500 0.24805 0.01562 0.01953
0 0.74375 0.24023 0.01562 0.01953
0 0.80469 0.23438 0.01562 0.01953
0 0.83125 0.21289 0.01562 0.01953
0 0.77500 0.22266 0.01562 0.01953
0 0.79688 0.19336 0.01562 0.01953
0 0.84062 0.16602 0.01562 0.01953
0 0.86719 0.14258 0.01562 0.01953
0 0.87813 0.19531 0.01562 0.01953
0 0.92656 0.18359 0.01562 0.01953
0 0.90625 0.14062 0.01562 0.01953
0 0.77500 0.17383 0.01562 0.01953
0 0.75156 0.20703 0.01562 0.01953
0 0.72188 0.18164 0.01562 0.01953
0 0.74844 0.17773 0.01562 0.01953
0 0.71328 0.14062 0.00156 0.00000
0 0.74375 0.11328 0.01562 0.01953
0 0.81406 0.11523 0.01562 0.01953
0 0.81406 0.16016 0.01562 0.01953
0 0.78594 0.14648 0.01562 0.01953
0 0.83125 0.12695 0.01562 0.01953
0 0.87813 0.10352 0.01562 0.01953
0 0.84531 0.09375 0.01562 0.01953
0 0.90000 0.08398 0.01562 0.01953
0 0.93437 0.08594 0.01562 0.01953
0 0.92812 0.05273 0.01562 0.01953
0 0.97344 0.04492 0.01562 0.01953
0 0.94844 0.01953 0.01562 0.01953
0 0.90312 0.04688 0.01562 0.01953
0 0.86875 0.05859 0.01562 0.01953
0 0.84688 0.05469 0.01562 0.01953
0 0.82500 0.06250 0.01562 0.01953
0 0.86719 0.02539 0.01562 0.01953
0 0.85156 0.01172 0.01562 0.01953
0 0.89062 0.01367 0.01562 0.01953
0 0.78750 0.05859 0.01562 0.01953
0 0.31250 0.95898 0.01562 0.01953
0 0.75781 0.07227 0.01562 0.01953
0 0.20625 0.16211 0.01562 0.01953
0 0.21875 0.18555 0.01562 0.01953
