0 0.01875 0.16797 0.01562 0.01953
0 0.00937 0.19727 0.01562 0.01953
0 0.02187 0.25586 0.01562 0.01953
0 0.02344 0.28906 0.01562 0.01953
0 0.01250 0.33594 0.01562 0.01953
0 0.02187 0.37500 0.01562 0.01953
0 0.03281 0.41797 0.01562 0.01953
0 0.06719 0.25977 0.01562 0.01953
0 0.09219 0.27539 0.01562 0.01953
0 0.04219 0.30273 0.01562 0.01953
0 0.07656 0.34766 0.01562 0.01953
0 0.05937 0.39648 0.01562 0.01953
0 0.05312 0.36523 0.01562 0.01953
0 0.08906 0.39844 0.01562 0.01953
0 0.14688 0.30273 0.01562 0.01953
0 0.12969 0.33203 0.01562 0.01953
0 0.14844 0.36523 0.01562 0.01953
0 0.15625 0.41406 0.01562 0.01953
0 0.06563 0.43945 0.01562 0.01953
0 0.09844 0.45898 0.01562 0.01953
0 0.11406 0.48828 0.01562 0.01953
0 0.11875 0.52539 0.01562 0.01953
0 0.15313 0.61719 0.01562 0.01953
0 0.16406 0.56641 0.01562 0.01953
0 0.16094 0.52344 0.01562 0.01953
0 0.18906 0.47656 0.01562 0.01953
0 0.22031 0.52148 0.01562 0.01953
0 0.21563 0.49219 0.01562 0.01953
0 0.22500 0.47070 0.01562 0.01953
0 0.25312 0.52344 0.01562 0.01953
0 0.17500 0.38281 0.01562 0.01953
0 0.20156 0.35938 0.01562 0.01953
0 0.23594 0.36328 0.01562 0.01953
0 0.23125 0.41211 0.01562 0.01953
0 0.20938 0.42188 0.01562 0.01953
0 0.19844 0.44922 0.01562 0.01953
0 0.24531 0.43359 0.01562 0.01953
0 0.24844 0.47656 0.01562 0.01953
0 0.27500 0.47070 0.01562 0.01953
0 0.26094 0.40430 0.01562 0.01953
0 0.28437 0.37500 0.01562 0.01953
0 0.28594 0.41406 0.01562 0.01953
0 0.31875 0.43164 0.01562 0.01953
0 0.29531 0.44141 0.01562 0.01953
0 0.32344 0.39453 0.01562 0.01953
0 0.29688 0.48438 0.01562 0.01953
0 0.28437 0.50977 0.01562 0.01953
0 0.29531 0.53906 0.01562 0.01953
0 0.32344 0.48242 0.01562 0.01953
0 0.32344 0.52930 0.01562 0.01953
0 0.32344 0.57031 0.01562 0.01953
0 0.35000 0.52539 0.01562 0.01953
0 0.35625 0.58984 0.01562 0.01953
0 0.37656 0.61719 0.01562 0.01953
0 0.37656 0.55664 0.01562 0.01953
0 0.40937 0.61328 0.01562 0.01953
0 0.46094 0.60742 0.01562 0.01953
0 0.42344 0.57031 0.01562 0.01953
0 0.38281 0.52148 0.01562 0.01953
0 0.37656 0.48828 0.01562 0.01953
0 0.35000 0.49805 0.01562 0.01953
0 0.34687 0.45508 0.01562 0.01953
0 0.37500 0.45117 0.01562 0.01953
0 0.39062 0.47656 0.01562 0.01953
0 0.41563 0.52930 0.01562 0.01953
0 0.44062 0.52734 0.01562 0.01953
0 0.45000 0.55273 0.01562 0.01953
0 0.47031 0.52930 0.01562 0.01953
0 0.50938 0.53516 0.01562 0.01953
0 0.39375 0.43750 0.01562 0.01953
0 0.41406 0.48438 0.01562 0.01953
0 0.43281 0.49609 0.01562 0.01953
0 0.49688 0.49414 0.01562 0.01953
0 0.47500 0.49219 0.01562 0.01953
0 0.43594 0.47070 0.01562 0.01953
0 0.42344 0.43359 0.01562 0.01953
0 0.45000 0.44141 0.01562 0.01953
0 0.47344 0.44727 0.01562 0.01953
0 0.51562 0.47070 0.01562 0.01953
0 0.55156 0.45703 0.01562 0.01953
0 0.51719 0.63867 0.01562 0.01953
0 0.55312 0.59180 0.01562 0.01953
0 0.57188 0.53906 0.01562 0.01953
0 0.60156 0.50391 0.01562 0.01953
0 0.61406 0.78711 0.01562 0.01953
0 0.64687 0.78320 0.01562 0.01953
0 0.69063 0.75781 0.01562 0.01953
0 0.72813 0.72852 0.01562 0.01953
0 0.68125 0.67383 0.01562 0.01953
0 0.65469 0.68750 0.01562 0.01953
0 0.62969 0.71484 0.01562 0.01953
0 0.71875 0.67773 0.01562 0.01953
0 0.65469 0.59180 0.01562 0.01953
0 0.74062 0.52930 0.01562 0.01953
0 0.58125 0.45312 0.01562 0.01953
0 0.53906 0.41602 0.01562 0.01953
0 0.50156 0.43359 0.01562 0.01953
0 0.50625 0.40625 0.01562 0.01953
0 0.48125 0.40234 0.01562 0.01953
0 0.46875 0.42578 0.01562 0.01953
0 0.57031 0.41016 0.01562 0.01953
0 0.62187 0.38281 0.01562 0.01953
0 0.59531 0.39062 0.01562 0.01953
0 0.68437 0.33594 0.01562 0.01953
0 0.81563 0.33594 0.01562 0.01953
0 0.84219 0.30664 0.01562 0.01953
0 0.73594 0.26367 0.01562 0.01953
0 0.65781 0.31836 0.01562 0.01953
0 0.62813 0.30859 0.01562 0.01953
0 0.58594 0.34961 0.01562 0.01953
0 0.56406 0.37695 0.01562 0.01953
0 0.52812 0.37500 0.01562 0.01953
0 0.50469 0.37305 0.01562 0.01953
0 0.47031 0.37500 0.01562 0.01953
0 0.39844 0.40039 0.01562 0.01953
0 0.47656 0.34180 0.01562 0.01953
0 0.44844 0.35156 0.01562 0.01953
0 0.52187 0.30469 0.01562 0.01953
0 0.55937 0.28516 0.01562 0.01953
0 0.57500 0.31445 0.01562 0.01953
0 0.54688 0.32812 0.01562 0.01953
0 0.52187 0.33789 0.01562 0.01953
0 0.59219 0.26758 0.01562 0.01953
0 0.60156 0.29688 0.01562 0.01953
0 0.62344 0.25977 0.01562 0.01953
0 0.64062 0.23438 0.01562 0.01953
0 0.66719 0.23438 0.01562 0.01953
0 0.67344 0.27344 0.01562 0.01953
0 0.83125 0.20703 0.01562 0.01953
0 0.87187 0.15234 0.01562 0.01953
0 0.72188 0.20703 0.01562 0.01953
0 0.76875 0.18555 0.01562 0.01953
0 0.82188 0.12891 0.01562 0.01953
0 0.77187 0.14844 0.01562 0.01953
0 0.88594 0.10742 0.01562 0.01953
0 0.85625 0.01953 0.01562 0.01953
0 0.80312 0.03711 0.01562 0.01953
0 0.78906 0.07617 0.01562 0.01953
0 0.75313 0.10547 0.01562 0.01953
0 0.73750 0.06641 0.01562 0.01953
0 0.75156 0.01172 0.01562 0.01953
0 0.72500 0.02734 0.01562 0.01953
0 0.70000 0.05078 0.01562 0.01953
0 0.71094 0.09570 0.01562 0.01953
0 0.69063 0.12695 0.01562 0.01953
0 0.70000 0.16602 0.01562 0.01953
0 0.67188 0.19336 0.01562 0.01953
0 0.63594 0.18164 0.01562 0.01953
0 0.60781 0.23438 0.01562 0.01953
0 0.56094 0.24414 0.01562 0.01953
0 0.52187 0.26562 0.01562 0.01953
0 0.53281 0.23242 0.01562 0.01953
0 0.48125 0.28320 0.01562 0.01953
0 0.49375 0.24805 0.01562 0.01953
0 0.44531 0.30078 0.01562 0.01953
0 0.41250 0.37500 0.01562 0.01953
0 0.43125 0.36133 0.01562 0.01953
0 0.42812 0.39258 0.01562 0.01953
0 0.44688 0.38086 0.01562 0.01953
0 0.45312 0.40625 0.01562 0.01953
0 0.51719 0.21289 0.01562 0.01953
0 0.53438 0.18164 0.01562 0.01953
0 0.56563 0.16016 0.01562 0.01953
0 0.55937 0.20117 0.01562 0.01953
0 0.60781 0.15430 0.01562 0.01953
0 0.58594 0.20117 0.01562 0.01953
0 0.60000 0.11914 0.01562 0.01953
0 0.57188 0.12109 0.01562 0.01953
0 0.66250 0.15234 0.01562 0.01953
0 0.63438 0.15625 0.01562 0.01953
0 0.62969 0.13281 0.01562 0.01953
0 0.66250 0.12695 0.01562 0.01953
0 0.67500 0.08789 0.01562 0.01953
0 0.64375 0.08789 0.01562 0.01953
0 0.62187 0.09180 0.01562 0.01953
0 0.64375 0.05469 0.01562 0.01953
0 0.62031 0.06055 0.01562 0.01953
0 0.63125 0.03125 0.01562 0.01953
0 0.67656 0.05664 0.01562 0.01953
0 0.68594 0.01953 0.01562 0.01953
0 0.66250 0.01953 0.01562 0.01953
0 0.59375 0.03516 0.01562 0.01953
0 0.58594 0.08594 0.01562 0.01953
0 0.30156 0.64844 0.01562 0.01953
0 0.10312 0.31055 0.01562 0.01953
0 0.12344 0.30664 0.01562 0.01953
0 0.94219 0.18359 0.01562 0.01953
0 0.97188 0.04883 0.01562 0.01953
