0 0.02031 0.12109 0.01562 0.01953
0 0.02656 0.16797 0.01562 0.01953
0 0.05312 0.12891 0.01562 0.01953
0 0.08594 0.15234 0.01562 0.01953
0 0.05937 0.17383 0.01562 0.01953
0 0.06719 0.20703 0.01562 0.01953
0 0.03125 0.20508 0.01562 0.01953
0 0.05625 0.25195 0.01562 0.01953
0 0.09844 0.36719 0.01562 0.01953
0 0.10625 0.23633 0.01562 0.01953
0 0.12812 0.21875 0.01562 0.01953
0 0.09688 0.18164 0.01562 0.01953
0 0.13750 0.16797 0.01562 0.01953
0 0.16406 0.17969 0.01562 0.01953
0 0.22031 0.19922 0.01562 0.01953
0 0.18750 0.21484 0.01562 0.01953
0 0.15625 0.24219 0.01562 0.01953
0 0.15000 0.28320 0.01562 0.01953
0 0.10781 0.28516 0.01562 0.01953
0 0.12344 0.32031 0.01562 0.01953
0 0.17656 0.30664 0.01562 0.01953
0 0.16250 0.35352 0.01562 0.01953
0 0.22031 0.37500 0.01562 0.01953
0 0.18750 0.38672 0.01562 0.01953
0 0.17500 0.41211 0.01562 0.01953
0 0.22812 0.48828 0.01562 0.01953
0 0.21719 0.44727 0.01562 0.01953
0 0.28594 0.44727 0.01562 0.01953
0 0.25625 0.32227 0.01562 0.01953
0 0.25312 0.38281 0.01562 0.01953
0 0.18125 0.26562 0.01562 0.01953
0 0.22187 0.24219 0.01562 0.01953
0 0.24063 0.23242 0.01562 0.01953
0 0.30312 0.24219 0.01562 0.01953
0 0.27500 0.28711 0.01562 0.01953
0 0.31250 0.27539 0.01562 0.01953
0 0.30938 0.31641 0.01562 0.01953
0 0.28437 0.34180 0.01562 0.01953
0 0.27813 0.37500 0.01562 0.01953
0 0.31875 0.40039 0.01562 0.01953
0 0.31875 0.34766 0.01562 0.01953
0 0.34219 0.35156 0.01562 0.01953
0 0.33594 0.30859 0.01562 0.01953
0 0.35625 0.37891 0.01562 0.01953
0 0.34063 0.39648 0.01562 0.01953
0 0.33750 0.44727 0.01562 0.01953
0 0.35469 0.43555 0.01562 0.01953
0 0.37656 0.43750 0.01562 0.01953
0 0.37812 0.47070 0.01562 0.01953
0 0.38125 0.50781 0.01562 0.01953
0 0.34531 0.53320 0.01562 0.01953
0 0.43125 0.48633 0.01562 0.01953
0 0.41875 0.44922 0.01562 0.01953
0 0.44844 0.43945 0.01562 0.01953
0 0.41094 0.41602 0.01562 0.01953
0 0.41406 0.38867 0.01562 0.01953
0 0.38750 0.36914 0.01562 0.01953
0 0.40937 0.34180 0.01562 0.01953
0 0.38750 0.30273 0.01562 0.01953
0 0.40937 0.30664 0.01562 0.01953
0 0.47187 0.33594 0.01562 0.01953
0 0.46719 0.35742 0.01562 0.01953
0 0.43906 0.35742 0.01562 0.01953
0 0.49219 0.39062 0.01562 0.01953
0 0.45469 0.40234 0.01562 0.01953
0 0.48281 0.41797 0.01562 0.01953
0 0.46719 0.48242 0.01562 0.01953
0 0.51094 0.44336 0.01562 0.01953
0 0.49219 0.53711 0.01562 0.01953
0 0.51719 0.50977 0.01562 0.01953
0 0.54844 0.49023 0.01562 0.01953
0 0.54844 0.56250 0.01562 0.01953
0 0.57969 0.52930 0.01562 0.01953
0 0.57031 0.50391 0.01562 0.01953
0 0.57656 0.47656 0.01562 0.01953
0 0.60313 0.46289 0.01562 0.01953
0 0.55312 0.45508 0.01562 0.01953
0 0.57344 0.44141 0.01562 0.01953
0 0.55937 0.41797 0.01562 0.01953
0 0.53281 0.43359 0.01562 0.01953
0 0.51875 0.40039 0.01562 0.01953
0 0.53281 0.36914 0.01562 0.01953
0 0.54844 0.38477 0.01562 0.01953
0 0.56563 0.37109 0.01562 0.01953
0 0.63438 0.36914 0.01562 0.01953
0 0.59062 0.38672 0.01562 0.01953
0 0.58125 0.41602 0.01562 0.01953
0 0.60625 0.42969 0.01562 0.01953
0 0.62969 0.46094 0.01562 0.01953
0 0.60781 0.51562 0.01562 0.01953
0 0.64531 0.50000 0.01562 0.01953
0 0.66250 0.52344 0.01562 0.01953
0 0.68437 0.50977 0.01562 0.01953
0 0.68594 0.54297 0.01562 0.01953
0 0.68750 0.63086 0.01562 0.01953
0 0.75469 0.58008 0.01562 0.01953
0 0.72656 0.55664 0.01562 0.01953
0 0.79219 0.56445 0.01562 0.01953
0 0.79063 0.52539 0.01562 0.01953
0 0.74844 0.52344 0.01562 0.01953
0 0.71562 0.49609 0.01562 0.01953
0 0.73125 0.45508 0.01562 0.01953
0 0.67812 0.46289 0.01562 0.01953
0 0.69531 0.42969 0.01562 0.01953
0 0.64531 0.42773 0.01562 0.01953
0 0.66094 0.37500 0.01562 0.01953
0 0.72344 0.41602 0.01562 0.01953
0 0.74531 0.42773 0.01562 0.01953
0 0.74687 0.47656 0.01562 0.01953
0 0.78125 0.47070 0.01562 0.01953
0 0.81250 0.49805 0.01562 0.01953
0 0.83594 0.55078 0.01562 0.01953
0 0.87813 0.55078 0.01562 0.01953
0 0.85156 0.63086 0.01562 0.01953
0 0.96406 0.62695 0.01562 0.01953
0 0.97031 0.55273 0.01562 0.01953
0 0.93437 0.50586 0.01562 0.01953
0 0.93906 0.44727 0.01562 0.01953
0 0.96719 0.40820 0.01562 0.01953
0 0.86719 0.47266 0.01562 0.01953
0 0.84062 0.46289 0.01562 0.01953
0 0.85625 0.42969 0.01562 0.01953
0 0.82969 0.41602 0.01562 0.01953
0 0.78750 0.44336 0.01562 0.01953
0 0.76406 0.43555 0.01562 0.01953
0 0.78750 0.41992 0.01562 0.01953
0 0.87031 0.39453 0.01562 0.01953
0 0.90625 0.38281 0.01562 0.01953
0 0.93125 0.36523 0.01562 0.01953
0 0.91563 0.31641 0.01562 0.01953
0 0.88750 0.34180 0.01562 0.01953
0 0.85156 0.36523 0.01562 0.01953
0 0.82344 0.39258 0.01562 0.01953
0 0.79688 0.38281 0.01562 0.01953
0 0.76719 0.39062 0.01562 0.01953
0 0.74375 0.39648 0.01562 0.01953
0 0.81719 0.36133 0.01562 0.01953
0 0.82969 0.34570 0.01562 0.01953
0 0.85156 0.33594 0.01562 0.01953
0 0.73125 0.36133 0.01562 0.01953
0 0.74375 0.33594 0.01562 0.01953
0 0.75781 0.31836 0.01562 0.01953
0 0.77031 0.34961 0.01562 0.01953
0 0.77656 0.32617 0.01562 0.01953
0 0.79219 0.34961 0.01562 0.01953
0 0.80625 0.31445 0.01562 0.01953
0 0.78125 0.29883 0.01562 0.01953
0 0.80312 0.27148 0.01562 0.01953
0 0.76406 0.25000 0.01562 0.01953
0 0.84531 0.30078 0.01562 0.01953
0 0.86719 0.30664 0.01562 0.01953
0 0.90469 0.29492 0.01562 0.01953
0 0.94219 0.30273 0.01562 0.01953
0 0.96406 0.27734 0.01562 0.01953
0 0.92031 0.25781 0.01562 0.01953
0 0.88125 0.25195 0.01562 0.01953
0 0.84844 0.27539 0.01562 0.01953
0 0.84531 0.23438 0.01562 0.01953
0 0.87187 0.22266 0.01562 0.01953
0 0.89844 0.22656 0.01562 0.01953
0 0.92812 0.20703 0.01562 0.01953
0 0.96406 0.20117 0.01562 0.01953
0 0.98750 0.21289 0.01562 0.01953
0 0.94375 0.16016 0.01562 0.01953
0 0.91719 0.17188 0.01562 0.01953
0 0.88594 0.19141 0.01562 0.01953
0 0.84375 0.18945 0.01562 0.01953
0 0.80312 0.18750 0.01562 0.01953
0 0.79219 0.22266 0.01562 0.01953
0 0.81406 0.14062 0.01562 0.01953
0 0.86250 0.12109 0.01562 0.01953
0 0.85156 0.16016 0.01562 0.01953
0 0.88281 0.16406 0.01562 0.01953
0 0.92656 0.13477 0.01562 0.01953
0 0.96406 0.12109 0.01562 0.01953
0 0.98594 0.11328 0.01562 0.01953
0 0.98281 0.08008 0.01562 0.01953
0 0.94844 0.08203 0.01562 0.01953
0 0.90312 0.06445 0.01562 0.01953
0 0.86875 0.07031 0.01562 0.01953
0 0.82969 0.11133 0.01562 0.01953
0 0.86406 0.03711 0.01562 0.01953
0 0.90000 0.02734 0.01562 0.01953
0 0.93125 0.02148 0.01562 0.01953
0 0.93906 0.05273 0.01562 0.01953
0 0.97500 0.04492 0.01562 0.01953
0 0.25000 0.25977 0.01562 0.01953
