0 0.86406 0.65820 0.01562 0.01953
0 0.86562 0.58594 0.01562 0.01953
0 0.86406 0.49805 0.01562 0.01953
0 0.92031 0.44727 0.01562 0.01953
0 0.90938 0.38672 0.01562 0.01953
0 0.93125 0.33984 0.01562 0.01953
0 0.97969 0.32617 0.01562 0.01953
0 0.98594 0.22070 0.01562 0.01953
0 0.96719 0.17969 0.01562 0.01953
0 0.97813 0.12695 0.01562 0.01953
0 0.98438 0.03320 0.01562 0.01953
0 0.92031 0.03906 0.01562 0.01953
0 0.93594 0.09180 0.01562 0.01953
0 0.93281 0.13672 0.01562 0.01953
0 0.90000 0.14062 0.01562 0.01953
0 0.87344 0.20312 0.01562 0.01953
0 0.91563 0.21094 0.01562 0.01953
0 0.88906 0.24023 0.01562 0.01953
0 0.89687 0.30078 0.01562 0.01953
0 0.87187 0.26758 0.01562 0.01953
0 0.86719 0.31445 0.01562 0.01953
0 0.83594 0.41797 0.01562 0.01953
0 0.81719 0.49414 0.01562 0.01953
0 0.77656 0.53516 0.01562 0.01953
0 0.74687 0.54688 0.01562 0.01953
0 0.68437 0.59570 0.01562 0.01953
0 0.77344 0.60156 0.01562 0.01953
0 0.71094 0.52539 0.01562 0.01953
0 0.76719 0.49023 0.01562 0.01953
0 0.78750 0.45703 0.01562 0.01953
0 0.80781 0.42188 0.01562 0.01953
0 0.82656 0.36914 0.01562 0.01953
0 0.83281 0.33789 0.01562 0.01953
0 0.84375 0.27734 0.01562 0.01953
0 0.85000 0.23438 0.01562 0.01953
0 0.86250 0.14648 0.01562 0.01953
0 0.87813 0.09961 0.01562 0.01953
0 0.89375 0.05664 0.01562 0.01953
0 0.87187 0.01758 0.01562 0.01953
0 0.84844 0.03320 0.01562 0.01953
0 0.85469 0.07227 0.01562 0.01953
0 0.82344 0.04492 0.01562 0.01953
0 0.82188 0.09180 0.01562 0.01953
0 0.82500 0.13477 0.01562 0.01953
0 0.85156 0.11719 0.01562 0.01953
0 0.82500 0.19336 0.01562 0.01953
0 0.84062 0.17188 0.01562 0.01953
0 0.81250 0.16992 0.01562 0.01953
0 0.77969 0.14844 0.01562 0.01953
0 0.78594 0.10938 0.01562 0.01953
0 0.79375 0.07227 0.01562 0.01953
0 0.71562 0.22070 0.01562 0.01953
0 0.73906 0.18945 0.01562 0.01953
0 0.73906 0.13672 0.01562 0.01953
0 0.75156 0.10742 0.01562 0.01953
0 0.76719 0.06250 0.01562 0.01953
0 0.79531 0.02539 0.01562 0.01953
0 0.76719 0.01758 0.01562 0.01953
0 0.78906 0.18750 0.01562 0.01953
0 0.79531 0.22461 0.01562 0.01953
0 0.81875 0.25195 0.01562 0.01953
0 0.79844 0.25391 0.01562 0.01953
0 0.80781 0.28711 0.01562 0.01953
0 0.81250 0.31641 0.01562 0.01953
0 0.75313 0.23438 0.01562 0.01953
0 0.73281 0.26758 0.01562 0.01953
0 0.76406 0.26953 0.01562 0.01953
0 0.78125 0.30273 0.01562 0.01953
0 0.70937 0.28320 0.01562 0.01953
0 0.70000 0.31445 0.01562 0.01953
0 0.72656 0.29102 0.01562 0.01953
0 0.72500 0.32031 0.01562 0.01953
0 0.74687 0.30664 0.01562 0.01953
0 0.75859 0.34375 0.00156 0.00000
0 0.79219 0.33789 0.01562 0.01953
0 0.80000 0.37891 0.01562 0.01953
0 0.76406 0.37305 0.01562 0.01953
0 0.76406 0.41016 0.01562 0.01953
0 0.73281 0.35156 0.01562 0.01953
0 0.73594 0.40430 0.01562 0.01953
0 0.77656 0.42773 0.01562 0.01953
0 0.74687 0.43555 0.01562 0.01953
0 0.71875 0.45117 0.01562 0.01953
0 0.72656 0.48047 0.01562 0.01953
0 0.69063 0.47070 0.01562 0.01953
0 0.69688 0.42383 0.01562 0.01953
0 0.71562 0.40234 0.01562 0.01953
0 0.69063 0.39258 0.01562 0.01953
0 0.71406 0.36914 0.01562 0.01953
0 0.66719 0.40234 0.01562 0.01953
0 0.65469 0.43750 0.01562 0.01953
0 0.67656 0.52539 0.01562 0.01953
0 0.66719 0.48242 0.01562 0.01953
0 0.64687 0.50586 0.01562 0.01953
0 0.63281 0.45703 0.01562 0.01953
0 0.62500 0.47852 0.01562 0.01953
0 0.60781 0.46094 0.01562 0.01953
0 0.59062 0.50977 0.01562 0.01953
0 0.61875 0.41797 0.01562 0.01953
0 0.57656 0.45898 0.01562 0.01953
0 0.53906 0.57031 0.01562 0.01953
0 0.55781 0.53125 0.01562 0.01953
0 0.63125 0.39844 0.01562 0.01953
0 0.59531 0.35156 0.01562 0.01953
0 0.59688 0.39453 0.01562 0.01953
0 0.56875 0.43555 0.01562 0.01953
0 0.55469 0.47070 0.01562 0.01953
0 0.55312 0.50391 0.01562 0.01953
0 0.52812 0.49609 0.01562 0.01953
0 0.47969 0.55469 0.01562 0.01953
0 0.49531 0.49023 0.01562 0.01953
0 0.54375 0.44922 0.01562 0.01953
0 0.52500 0.46484 0.01562 0.01953
0 0.44219 0.50391 0.01562 0.01953
0 0.41406 0.50977 0.01562 0.01953
0 0.37656 0.53125 0.01562 0.01953
0 0.36719 0.50977 0.01562 0.01953
0 0.55156 0.41211 0.01562 0.01953
0 0.54063 0.36914 0.01562 0.01953
0 0.57656 0.39844 0.01562 0.01953
0 0.53125 0.43164 0.01562 0.01953
0 0.51094 0.44336 0.01562 0.01953
0 0.48125 0.45703 0.01562 0.01953
0 0.48594 0.40625 0.01562 0.01953
0 0.51875 0.38281 0.01562 0.01953
0 0.43594 0.35156 0.01562 0.01953
0 0.43594 0.38672 0.01562 0.01953
0 0.45937 0.41016 0.01562 0.01953
0 0.45156 0.43555 0.01562 0.01953
0 0.42812 0.42969 0.01562 0.01953
0 0.41719 0.46484 0.01562 0.01953
0 0.38906 0.47461 0.01562 0.01953
0 0.38281 0.42188 0.01562 0.01953
0 0.38281 0.44336 0.01562 0.01953
0 0.33125 0.47656 0.01562 0.01953
0 0.29844 0.49023 0.01562 0.01953
0 0.35156 0.41602 0.01562 0.01953
0 0.37656 0.34961 0.01562 0.01953
0 0.34375 0.33789 0.01562 0.01953
0 0.30625 0.38281 0.01562 0.01953
0 0.33594 0.39062 0.01562 0.01953
0 0.32812 0.43359 0.01562 0.01953
0 0.30938 0.44727 0.01562 0.01953
0 0.28437 0.42969 0.01562 0.01953
0 0.26406 0.50781 0.01562 0.01953
0 0.24375 0.53711 0.01562 0.01953
0 0.21250 0.55078 0.01562 0.01953
0 0.19531 0.52148 0.01562 0.01953
0 0.15625 0.48633 0.01562 0.01953
0 0.15937 0.44922 0.01562 0.01953
0 0.06719 0.45117 0.01562 0.01953
0 0.09062 0.41602 0.01562 0.01953
0 0.02500 0.35547 0.01562 0.01953
0 0.07812 0.37305 0.01562 0.01953
0 0.15313 0.40625 0.01562 0.01953
0 0.17656 0.42969 0.01562 0.01953
0 0.21406 0.43945 0.01562 0.01953
0 0.25312 0.43555 0.01562 0.01953
0 0.28437 0.46289 0.01562 0.01953
0 0.25625 0.39648 0.01562 0.01953
0 0.27500 0.37305 0.01562 0.01953
0 0.23594 0.33984 0.01562 0.01953
0 0.26562 0.33789 0.01562 0.01953
0 0.24531 0.29102 0.01562 0.01953
0 0.17500 0.30273 0.01562 0.01953
0 0.21719 0.38477 0.01562 0.01953
0 0.13437 0.37500 0.01562 0.01953
0 0.10938 0.36133 0.01562 0.01953
0 0.14219 0.33594 0.01562 0.01953
0 0.10781 0.32422 0.01562 0.01953
0 0.07969 0.29688 0.01562 0.01953
0 0.07656 0.33984 0.01562 0.01953
0 0.14219 0.29102 0.01562 0.01953
0 0.17188 0.26367 0.01562 0.01953
0 0.07969 0.25977 0.01562 0.01953
0 0.04844 0.27539 0.01562 0.01953
0 0.04375 0.24609 0.01562 0.01953
0 0.03750 0.30859 0.01562 0.01953
0 0.01562 0.29883 0.01562 0.01953
0 0.02500 0.27539 0.01562 0.01953
0 0.01094 0.24023 0.01562 0.01953
0 0.34063 0.65234 0.01562 0.01953
0 0.17813 0.40039 0.01562 0.01953
0 0.05781 0.32812 0.01562 0.01953
0 0.12500 0.42969 0.01562 0.01953
0 0.20469 0.31836 0.01562 0.01953
0 0.69219 0.32617 0.01562 0.01953
