0 0.85156 0.66016 0.01562 0.01953
0 0.85313 0.58789 0.01562 0.01953
0 0.75781 0.60547 0.01562 0.01953
0 0.68281 0.60547 0.01562 0.01953
0 0.35000 0.65430 0.01562 0.01953
0 0.06406 0.45703 0.01562 0.01953
0 0.21250 0.54883 0.01562 0.01953
0 0.19375 0.51953 0.01562 0.01953
0 0.26406 0.49219 0.01562 0.01953
0 0.38125 0.53320 0.01562 0.01953
0 0.41875 0.50977 0.01562 0.01953
0 0.45000 0.50391 0.01562 0.01953
0 0.48281 0.55078 0.01562 0.01953
0 0.54219 0.57031 0.01562 0.01953
0 0.55937 0.51953 0.01562 0.01953
0 0.54844 0.50195 0.01562 0.01953
0 0.52656 0.49609 0.01562 0.01953
0 0.49688 0.49219 0.01562 0.01953
0 0.58750 0.50391 0.01562 0.01953
0 0.55625 0.47656 0.01562 0.01953
0 0.62813 0.48633 0.01562 0.01953
0 0.64531 0.50586 0.01562 0.01953
0 0.67344 0.53516 0.01562 0.01953
0 0.71094 0.53125 0.01562 0.01953
0 0.74531 0.55078 0.01562 0.01953
0 0.77344 0.53125 0.01562 0.01953
0 0.58125 0.45703 0.01562 0.01953
0 0.52969 0.46875 0.01562 0.01953
0 0.55312 0.45312 0.01562 0.01953
0 0.57500 0.43359 0.01562 0.01953
0 0.60938 0.46289 0.01562 0.01953
0 0.63594 0.45312 0.01562 0.01953
0 0.66719 0.48242 0.01562 0.01953
0 0.70000 0.47852 0.01562 0.01953
0 0.72813 0.48828 0.01562 0.01953
0 0.77187 0.48828 0.01562 0.01953
0 0.81563 0.50195 0.01562 0.01953
0 0.86719 0.49414 0.01562 0.01953
0 0.61562 0.41992 0.01562 0.01953
0 0.59844 0.35547 0.01562 0.01953
0 0.60156 0.39062 0.01562 0.01953
0 0.67031 0.40820 0.01562 0.01953
0 0.69219 0.39648 0.01562 0.01953
0 0.36250 0.50977 0.01562 0.01953
0 0.38906 0.47656 0.01562 0.01953
0 0.41875 0.46289 0.01562 0.01953
0 0.45156 0.44336 0.01562 0.01953
0 0.47969 0.45703 0.01562 0.01953
0 0.51094 0.44531 0.01562 0.01953
0 0.52812 0.42773 0.01562 0.01953
0 0.55469 0.41016 0.01562 0.01953
0 0.53906 0.36133 0.01562 0.01953
0 0.48438 0.40820 0.01562 0.01953
0 0.52187 0.38867 0.01562 0.01953
0 0.49844 0.38281 0.01562 0.01953
0 0.45469 0.40820 0.01562 0.01953
0 0.43125 0.42969 0.01562 0.01953
0 0.43750 0.38477 0.01562 0.01953
0 0.43125 0.35352 0.01562 0.01953
0 0.30469 0.47656 0.01562 0.01953
0 0.28594 0.45312 0.01562 0.01953
0 0.30781 0.44531 0.01562 0.01953
0 0.33750 0.43555 0.01562 0.01953
0 0.28281 0.42969 0.01562 0.01953
0 0.25312 0.43555 0.01562 0.01953
0 0.21875 0.43945 0.01562 0.01953
0 0.15625 0.48242 0.01562 0.01953
0 0.16719 0.45312 0.01562 0.01953
0 0.19219 0.43945 0.01562 0.01953
0 0.13281 0.42578 0.01562 0.01953
0 0.09062 0.41992 0.01562 0.01953
0 0.07031 0.36719 0.01562 0.01953
0 0.01719 0.34570 0.01562 0.01953
0 0.03906 0.31836 0.01562 0.01953
0 0.05781 0.32812 0.01562 0.01953
0 0.05312 0.27344 0.01562 0.01953
0 0.05312 0.24414 0.01562 0.01953
0 0.08281 0.30078 0.01562 0.01953
0 0.17344 0.25977 0.01562 0.01953
0 0.23750 0.30859 0.01562 0.01953
0 0.25781 0.27930 0.01562 0.01953
0 0.13437 0.33594 0.01562 0.01953
0 0.10156 0.36133 0.01562 0.01953
0 0.11250 0.32617 0.01562 0.01953
0 0.13437 0.37305 0.01562 0.01953
0 0.15313 0.40820 0.01562 0.01953
0 0.21563 0.38281 0.01562 0.01953
0 0.17344 0.30469 0.01562 0.01953
0 0.13906 0.28320 0.01562 0.01953
0 0.20312 0.31250 0.01562 0.01953
0 0.25469 0.39258 0.01562 0.01953
0 0.26406 0.36328 0.01562 0.01953
0 0.23125 0.34180 0.01562 0.01953
0 0.26719 0.33398 0.01562 0.01953
0 0.29844 0.35547 0.01562 0.01953
0 0.30781 0.38867 0.01562 0.01953
0 0.33281 0.38867 0.01562 0.01953
0 0.32969 0.47266 0.01562 0.01953
0 0.34844 0.34180 0.01562 0.01953
0 0.37656 0.35156 0.01562 0.01953
0 0.40313 0.38672 0.01562 0.01953
0 0.38281 0.42188 0.01562 0.01953
0 0.36250 0.39062 0.01562 0.01953
0 0.38125 0.44336 0.01562 0.01953
0 0.35625 0.41406 0.01562 0.01953
0 0.23281 0.52344 0.01562 0.01953
0 0.65156 0.43945 0.01562 0.01953
0 0.68437 0.44141 0.01562 0.01953
0 0.72188 0.44922 0.01562 0.01953
0 0.75313 0.43555 0.01562 0.01953
0 0.78750 0.44922 0.01562 0.01953
0 0.77500 0.42773 0.01562 0.01953
0 0.76406 0.40234 0.01562 0.01953
0 0.73438 0.40234 0.01562 0.01953
0 0.71406 0.40234 0.01562 0.01953
0 0.76250 0.36914 0.01562 0.01953
0 0.79688 0.38281 0.01562 0.01953
0 0.80781 0.41016 0.01562 0.01953
0 0.83906 0.41211 0.01562 0.01953
0 0.82656 0.37695 0.01562 0.01953
0 0.70937 0.36719 0.01562 0.01953
0 0.73281 0.34766 0.01562 0.01953
0 0.70000 0.32617 0.01562 0.01953
0 0.78750 0.33594 0.01562 0.01953
0 0.83437 0.34180 0.01562 0.01953
0 0.86875 0.31641 0.01562 0.01953
0 0.91094 0.38867 0.01562 0.01953
0 0.92500 0.45508 0.01562 0.01953
0 0.93437 0.33789 0.01562 0.01953
0 0.89375 0.29688 0.01562 0.01953
0 0.84219 0.28711 0.01562 0.01953
0 0.81094 0.31836 0.01562 0.01953
0 0.82344 0.25586 0.01562 0.01953
0 0.80781 0.28711 0.01562 0.01953
0 0.78125 0.32031 0.01562 0.01953
0 0.76406 0.26953 0.01562 0.01953
0 0.70781 0.30469 0.01562 0.01953
0 0.71719 0.28711 0.01562 0.01953
0 0.72188 0.31445 0.01562 0.01953
0 0.73438 0.29492 0.01562 0.01953
0 0.75156 0.31445 0.01562 0.01953
0 0.73438 0.25586 0.01562 0.01953
0 0.75938 0.24023 0.01562 0.01953
0 0.71562 0.21875 0.01562 0.01953
0 0.73750 0.18555 0.01562 0.01953
0 0.79531 0.26172 0.01562 0.01953
0 0.87187 0.26562 0.01562 0.01953
0 0.91406 0.20898 0.01562 0.01953
0 0.89375 0.23047 0.01562 0.01953
0 0.98281 0.21484 0.01562 0.01953
0 0.97500 0.32227 0.01562 0.01953
0 0.96406 0.18945 0.01562 0.01953
0 0.96875 0.14062 0.01562 0.01953
0 0.93125 0.14648 0.01562 0.01953
0 0.90000 0.13672 0.01562 0.01953
0 0.87031 0.20117 0.01562 0.01953
0 0.85156 0.23438 0.01562 0.01953
0 0.82656 0.20312 0.01562 0.01953
0 0.80625 0.22461 0.01562 0.01953
0 0.78750 0.18945 0.01562 0.01953
0 0.78281 0.15039 0.01562 0.01953
0 0.82344 0.14258 0.01562 0.01953
0 0.81406 0.17188 0.01562 0.01953
0 0.87031 0.14844 0.01562 0.01953
0 0.85313 0.12109 0.01562 0.01953
0 0.74375 0.14844 0.01562 0.01953
0 0.75313 0.10547 0.01562 0.01953
0 0.79531 0.07031 0.01562 0.01953
0 0.78594 0.11328 0.01562 0.01953
0 0.82344 0.10938 0.01562 0.01953
0 0.82656 0.09180 0.01562 0.01953
0 0.85469 0.08398 0.01562 0.01953
0 0.88281 0.09961 0.01562 0.01953
0 0.89375 0.05859 0.01562 0.01953
0 0.93906 0.09570 0.01562 0.01953
0 0.91875 0.04102 0.01562 0.01953
0 0.99062 0.03320 0.01562 0.01953
0 0.87187 0.02539 0.01562 0.01953
0 0.83125 0.04688 0.01562 0.01953
0 0.76562 0.05859 0.01562 0.01953
0 0.79844 0.02148 0.01562 0.01953
0 0.11719 0.25586 0.01562 0.01953
0 0.08281 0.25781 0.01562 0.01953
0 0.01406 0.29883 0.01562 0.01953
0 0.01250 0.24414 0.01562 0.01953
0 0.03125 0.24414 0.01562 0.01953
