0 0.32188 0.76172 0.01562 0.01953
0 0.34844 0.72852 0.01562 0.01953
0 0.39062 0.74023 0.01562 0.01953
0 0.60000 0.85547 0.01562 0.01953
0 0.79531 0.83594 0.01562 0.01953
0 0.92969 0.78906 0.01562 0.01953
0 0.75156 0.76758 0.01562 0.01953
0 0.62031 0.74805 0.01562 0.01953
0 0.66094 0.59961 0.01562 0.01953
0 0.61562 0.56641 0.01562 0.01953
0 0.56875 0.54102 0.01562 0.01953
0 0.76719 0.43945 0.01562 0.01953
0 0.71875 0.34375 0.01562 0.01953
0 0.95469 0.08398 0.01562 0.01953
0 0.62969 0.00977 0.01562 0.01953
