0 0.25938 0.50586 0.01562 0.01953
0 0.55469 0.58008 0.01562 0.01953
0 0.58906 0.56836 0.01562 0.01953
0 0.62344 0.56836 0.01562 0.01953
0 0.63594 0.60938 0.01562 0.01953
0 0.65000 0.64453 0.01562 0.01953
0 0.49531 0.59766 0.01562 0.01953
0 0.46875 0.45508 0.01562 0.01953
0 0.51406 0.43164 0.01562 0.01953
0 0.56406 0.43164 0.01562 0.01953
0 0.60313 0.45117 0.01562 0.01953
0 0.62969 0.46875 0.01562 0.01953
0 0.67656 0.47070 0.01562 0.01953
0 0.70312 0.46289 0.01562 0.01953
0 0.72500 0.47852 0.01562 0.01953
0 0.75938 0.46289 0.01562 0.01953
0 0.72500 0.44336 0.01562 0.01953
0 0.70312 0.40820 0.01562 0.01953
0 0.70469 0.38477 0.01562 0.01953
0 0.77500 0.41602 0.01562 0.01953
0 0.79375 0.42383 0.01562 0.01953
0 0.80937 0.46484 0.01562 0.01953
0 0.83750 0.43945 0.01562 0.01953
0 0.85625 0.40234 0.01562 0.01953
0 0.86562 0.44727 0.01562 0.01953
0 0.89687 0.48438 0.01562 0.01953
0 0.87187 0.60742 0.01562 0.01953
0 0.94063 0.51172 0.01562 0.01953
0 0.95937 0.48633 0.01562 0.01953
0 0.92656 0.46875 0.01562 0.01953
0 0.90938 0.43555 0.01562 0.01953
0 0.89062 0.41602 0.01562 0.01953
0 0.92812 0.40430 0.01562 0.01953
0 0.94844 0.43555 0.01562 0.01953
0 0.97969 0.45703 0.01562 0.01953
0 0.96406 0.40234 0.01562 0.01953
0 0.99062 0.40820 0.01562 0.01953
0 0.98906 0.51562 0.01562 0.01953
0 0.14375 0.48242 0.01562 0.01953
0 0.20469 0.48242 0.01562 0.01953
0 0.35156 0.48242 0.01562 0.01953
0 0.27813 0.35156 0.01562 0.01953
0 0.31562 0.36133 0.01562 0.01953
0 0.28437 0.31836 0.01562 0.01953
0 0.23125 0.34570 0.01562 0.01953
0 0.19844 0.37109 0.01562 0.01953
0 0.18281 0.33984 0.01562 0.01953
0 0.17969 0.29492 0.01562 0.01953
0 0.19687 0.25391 0.01562 0.01953
0 0.24375 0.22656 0.01562 0.01953
0 0.16719 0.12695 0.01562 0.01953
0 0.12656 0.07422 0.01562 0.01953
0 0.29219 0.17969 0.01562 0.01953
0 0.34063 0.19727 0.01562 0.01953
0 0.37344 0.19336 0.01562 0.01953
0 0.54063 0.36914 0.01562 0.01953
0 0.56094 0.35938 0.01562 0.01953
0 0.59531 0.35547 0.01562 0.01953
0 0.62969 0.39844 0.01562 0.01953
0 0.61875 0.36719 0.01562 0.01953
0 0.64687 0.36914 0.01562 0.01953
0 0.66875 0.36914 0.01562 0.01953
0 0.66094 0.40820 0.01562 0.01953
0 0.64844 0.42578 0.01562 0.01953
0 0.51094 0.34961 0.01562 0.01953
0 0.51094 0.30859 0.01562 0.01953
0 0.47813 0.31250 0.01562 0.01953
0 0.47344 0.27344 0.01562 0.01953
0 0.51094 0.27344 0.01562 0.01953
0 0.45000 0.25391 0.01562 0.01953
0 0.43125 0.25195 0.01562 0.01953
0 0.51250 0.21484 0.01562 0.01953
0 0.47969 0.23438 0.01562 0.01953
0 0.44062 0.20117 0.01562 0.01953
0 0.51875 0.16211 0.01562 0.01953
0 0.51562 0.13086 0.01562 0.01953
0 0.46719 0.16602 0.01562 0.01953
0 0.46250 0.12891 0.01562 0.01953
0 0.44531 0.12695 0.01562 0.01953
0 0.44219 0.06445 0.01562 0.01953
0 0.39375 0.05859 0.01562 0.01953
0 0.40156 0.10156 0.01562 0.01953
0 0.38281 0.15039 0.01562 0.01953
0 0.47813 0.04492 0.01562 0.01953
0 0.52187 0.03125 0.01562 0.01953
0 0.49531 0.10938 0.01562 0.01953
0 0.44688 0.04492 0.01562 0.01953
0 0.44062 0.01758 0.01562 0.01953
0 0.24375 0.41602 0.01562 0.01953
0 0.27500 0.42578 0.01562 0.01953
0 0.36406 0.40820 0.01562 0.01953
