0 0.32031 0.76953 0.01562 0.01953
0 0.35000 0.73438 0.01562 0.01953
0 0.38906 0.74805 0.01562 0.01953
0 0.59375 0.84766 0.01562 0.01953
0 0.62813 0.76562 0.01562 0.01953
0 0.66563 0.60352 0.01562 0.01953
0 0.75313 0.76562 0.01562 0.01953
0 0.80000 0.83984 0.01562 0.01953
0 0.93125 0.79492 0.01562 0.01953
0 0.60938 0.57031 0.01562 0.01953
0 0.57656 0.52734 0.01562 0.01953
0 0.75938 0.47070 0.01562 0.01953
0 0.72969 0.34766 0.01562 0.01953
0 0.95469 0.08984 0.01562 0.01953
0 0.62813 0.01172 0.01562 0.01953
