0 0.31875 0.75195 0.01562 0.01953
0 0.34844 0.73828 0.01562 0.01953
0 0.45156 0.74609 0.01562 0.01953
0 0.47031 0.81250 0.01562 0.01953
0 0.49688 0.85156 0.01562 0.01953
0 0.53281 0.84961 0.01562 0.01953
0 0.57812 0.97852 0.01562 0.01953
0 0.60781 0.90430 0.01562 0.01953
0 0.65156 0.86719 0.01562 0.01953
0 0.67656 0.81641 0.01562 0.01953
0 0.58750 0.71680 0.01562 0.01953
0 0.48438 0.70703 0.01562 0.01953
0 0.16406 0.50195 0.01562 0.01953
0 0.03281 0.47461 0.01562 0.01953
0 0.06406 0.75391 0.01562 0.01953
0 0.09844 0.71680 0.01562 0.01953
0 0.12500 0.73828 0.01562 0.01953
0 0.22031 0.05469 0.01562 0.01953
0 0.30781 0.04297 0.01562 0.01953
0 0.32969 0.03125 0.01562 0.01953
0 0.32969 0.01172 0.01562 0.01953
0 0.30781 0.10156 0.01562 0.01953
0 0.33906 0.13672 0.01562 0.01953
0 0.34375 0.27734 0.01562 0.01953
0 0.29688 0.29492 0.01562 0.01953
0 0.38438 0.22656 0.01562 0.01953
0 0.39219 0.26953 0.01562 0.01953
0 0.39062 0.38281 0.01562 0.01953
0 0.48125 0.42188 0.01562 0.01953
0 0.50781 0.59180 0.01562 0.01953
0 0.53438 0.55859 0.01562 0.01953
0 0.58437 0.54492 0.01562 0.01953
0 0.63906 0.50391 0.01562 0.01953
0 0.61250 0.51953 0.01562 0.01953
0 0.57031 0.46289 0.01562 0.01953
0 0.52187 0.44141 0.01562 0.01953
0 0.53906 0.42969 0.01562 0.01953
0 0.45000 0.45898 0.01562 0.01953
0 0.43750 0.38477 0.01562 0.01953
0 0.43594 0.34180 0.01562 0.01953
0 0.48438 0.36719 0.01562 0.01953
0 0.50000 0.33398 0.01562 0.01953
0 0.50781 0.31445 0.01562 0.01953
0 0.46250 0.33594 0.01562 0.01953
0 0.46719 0.30664 0.01562 0.01953
0 0.45000 0.25781 0.01562 0.01953
0 0.40313 0.32227 0.01562 0.01953
0 0.43281 0.28711 0.01562 0.01953
0 0.41719 0.23047 0.01562 0.01953
0 0.35156 0.21094 0.01562 0.01953
0 0.36875 0.19141 0.01562 0.01953
0 0.53125 0.38281 0.01562 0.01953
0 0.56094 0.39258 0.01562 0.01953
0 0.58281 0.40234 0.01562 0.01953
0 0.61406 0.42383 0.01562 0.01953
0 0.64844 0.46680 0.01562 0.01953
0 0.66250 0.52148 0.01562 0.01953
0 0.68281 0.49023 0.01562 0.01953
0 0.71250 0.51758 0.01562 0.01953
0 0.76562 0.56250 0.01562 0.01953
0 0.74219 0.49219 0.01562 0.01953
0 0.75000 0.46094 0.01562 0.01953
0 0.79063 0.50977 0.01562 0.01953
0 0.76250 0.42188 0.01562 0.01953
0 0.81250 0.41602 0.01562 0.01953
0 0.78438 0.42188 0.01562 0.01953
0 0.84688 0.41602 0.01562 0.01953
0 0.83594 0.38477 0.01562 0.01953
0 0.81563 0.36133 0.01562 0.01953
0 0.79688 0.38281 0.01562 0.01953
0 0.87813 0.36133 0.01562 0.01953
0 0.86406 0.33594 0.01562 0.01953
0 0.90469 0.28125 0.01562 0.01953
0 0.95625 0.27930 0.01562 0.01953
0 0.96719 0.23438 0.01562 0.01953
0 0.95000 0.20117 0.01562 0.01953
0 0.97969 0.16602 0.01562 0.01953
0 0.98750 0.21289 0.01562 0.01953
0 0.98750 0.13477 0.01562 0.01953
0 0.93125 0.26172 0.01562 0.01953
0 0.90625 0.34180 0.01562 0.01953
0 0.90938 0.37891 0.01562 0.01953
0 0.88438 0.40820 0.01562 0.01953
0 0.81875 0.47656 0.01562 0.01953
0 0.86250 0.46289 0.01562 0.01953
0 0.10781 0.04883 0.01562 0.01953
0 0.02031 0.05469 0.01562 0.01953
0 0.01719 0.11523 0.01562 0.01953
0 0.88906 0.60938 0.01562 0.01953
0 0.90469 0.56836 0.01562 0.01953
0 0.92031 0.51562 0.01562 0.01953
0 0.84375 0.58789 0.01562 0.01953
0 0.53281 0.79492 0.01562 0.01953
0 0.56563 0.76953 0.01562 0.01953
0 0.95781 0.53906 0.01562 0.01953
0 0.37656 0.48438 0.01562 0.01953
0 0.65312 0.69336 0.01562 0.01953
0 0.59219 0.81250 0.01562 0.01953
0 0.60625 0.79492 0.01562 0.01953
0 0.31406 0.15430 0.01562 0.01953
0 0.30781 0.23242 0.01562 0.01953
0 0.27344 0.04492 0.01562 0.01953
0 0.29219 0.01367 0.01562 0.01953
0 0.28750 0.07422 0.01562 0.01953
0 0.39375 0.19727 0.01562 0.01953
0 0.52969 0.33203 0.01562 0.01953
0 0.54219 0.35742 0.01562 0.01953
