0 0.05312 0.99805 0.01562 0.01953
0 0.05937 0.95508 0.01562 0.01953
0 0.10781 0.92383 0.01562 0.01953
0 0.12812 0.86914 0.01562 0.01953
0 0.06563 0.71289 0.01562 0.01953
0 0.01094 0.66406 0.01562 0.01953
0 0.02187 0.62891 0.01562 0.01953
0 0.37969 0.78711 0.01562 0.01953
0 0.35000 0.80664 0.01562 0.01953
0 0.48438 0.70117 0.01562 0.01953
0 0.49062 0.77344 0.01562 0.01953
0 0.51094 0.81445 0.01562 0.01953
0 0.54375 0.82617 0.01562 0.01953
0 0.57344 0.81055 0.01562 0.01953
0 0.56250 0.76367 0.01562 0.01953
0 0.59688 0.71680 0.01562 0.01953
0 0.59375 0.66406 0.01562 0.01953
0 0.55312 0.69727 0.01562 0.01953
0 0.49219 0.58594 0.01562 0.01953
0 0.39687 0.47070 0.01562 0.01953
0 0.34219 0.53711 0.01562 0.01953
0 0.20469 0.39062 0.01562 0.01953
0 0.20469 0.33398 0.01562 0.01953
0 0.60313 0.77344 0.01562 0.01953
0 0.63594 0.74805 0.01562 0.01953
0 0.70937 0.73828 0.01562 0.01953
0 0.70937 0.70117 0.01562 0.01953
0 0.67031 0.83398 0.01562 0.01953
0 0.69688 0.76758 0.01562 0.01953
0 0.66094 0.91406 0.01562 0.01953
0 0.54688 0.50000 0.01562 0.01953
0 0.50000 0.53711 0.01562 0.01953
0 0.42500 0.42188 0.01562 0.01953
0 0.42812 0.47656 0.01562 0.01953
0 0.45312 0.37109 0.01562 0.01953
0 0.48438 0.36914 0.01562 0.01953
0 0.50625 0.36133 0.01562 0.01953
0 0.54219 0.37695 0.01562 0.01953
0 0.50938 0.42773 0.01562 0.01953
0 0.58750 0.39844 0.01562 0.01953
0 0.62813 0.41602 0.01562 0.01953
0 0.65312 0.41211 0.01562 0.01953
0 0.20469 0.22266 0.01562 0.01953
0 0.10781 0.21289 0.01562 0.01953
0 0.32188 0.42188 0.01562 0.01953
0 0.36719 0.40625 0.01562 0.01953
0 0.35156 0.37695 0.01562 0.01953
0 0.40781 0.38086 0.01562 0.01953
0 0.67812 0.35547 0.01562 0.01953
0 0.68437 0.39062 0.01562 0.01953
0 0.68437 0.32227 0.01562 0.01953
0 0.73750 0.38281 0.01562 0.01953
0 0.73281 0.43555 0.01562 0.01953
0 0.94219 0.22656 0.01562 0.01953
0 0.92031 0.14648 0.01562 0.01953
0 0.95937 0.05273 0.01562 0.01953
0 0.79531 0.02344 0.01562 0.01953
0 0.82500 0.09375 0.01562 0.01953
0 0.78281 0.12695 0.01562 0.01953
0 0.77500 0.20703 0.01562 0.01953
0 0.70156 0.26367 0.01562 0.01953
0 0.72188 0.22656 0.01562 0.01953
0 0.16250 0.14648 0.01562 0.01953
0 0.16875 0.07031 0.01562 0.01953
0 0.13594 0.03906 0.01562 0.01953
0 0.13750 0.06641 0.01562 0.01953
0 0.13906 0.10742 0.01562 0.01953
0 0.16719 0.11914 0.01562 0.01953
0 0.11875 0.16016 0.01562 0.01953
0 0.13437 0.18555 0.01562 0.01953
0 0.16562 0.20117 0.01562 0.01953
0 0.25312 0.35547 0.01562 0.01953
0 0.28594 0.32422 0.01562 0.01953
0 0.24219 0.30273 0.01562 0.01953
0 0.24688 0.26758 0.01562 0.01953
0 0.26719 0.25586 0.01562 0.01953
0 0.26875 0.28906 0.01562 0.01953
0 0.30469 0.27344 0.01562 0.01953
0 0.32812 0.26172 0.01562 0.01953
0 0.34375 0.29297 0.01562 0.01953
0 0.37344 0.33008 0.01562 0.01953
0 0.37656 0.36133 0.01562 0.01953
0 0.40937 0.31445 0.01562 0.01953
0 0.43594 0.34766 0.01562 0.01953
0 0.40313 0.34766 0.01562 0.01953
0 0.56406 0.46680 0.01562 0.01953
0 0.58906 0.44727 0.01562 0.01953
0 0.51719 0.46094 0.01562 0.01953
0 0.74687 0.24805 0.01562 0.01953
0 0.76406 0.26953 0.01562 0.01953
0 0.72813 0.28320 0.01562 0.01953
0 0.84844 0.43555 0.01562 0.01953
0 0.85156 0.39062 0.01562 0.01953
0 0.85625 0.34180 0.01562 0.01953
0 0.98750 0.09961 0.01562 0.01953
0 0.74375 0.18359 0.01562 0.01953
0 0.66875 0.61328 0.01562 0.01953
0 0.71406 0.65039 0.01562 0.01953
0 0.09688 0.08984 0.01562 0.01953
0 0.16094 0.01172 0.01562 0.01953
0 0.78125 0.32227 0.01562 0.01953
0 0.80781 0.33594 0.01562 0.01953
0 0.13906 0.65039 0.01562 0.01953
0 0.80469 0.44336 0.01562 0.01953
0 0.79531 0.25391 0.01562 0.01953
0 0.12187 0.13281 0.01562 0.01953
0 0.49219 0.49023 0.01562 0.01953
0 0.54844 0.42969 0.01562 0.01953
0 0.61406 0.45508 0.01562 0.01953
0 0.16250 0.73242 0.01562 0.01953
0 0.11719 0.73828 0.01562 0.01953
0 0.80625 0.14844 0.01562 0.01953
0 0.89375 0.34180 0.01562 0.01953
0 0.93750 0.32812 0.01562 0.01953
0 0.12812 0.00586 0.01562 0.01953
0 0.17813 0.25195 0.01562 0.01953
0 0.69531 0.57031 0.01562 0.01953
0 0.82344 0.05273 0.01562 0.01953
0 0.84219 0.01367 0.01562 0.01953
