0 0.05937 0.33789 0.01562 0.01953
0 0.07656 0.30078 0.01562 0.01953
0 0.04219 0.29883 0.01562 0.01953
0 0.03750 0.24805 0.01562 0.01953
0 0.05937 0.18164 0.01562 0.01953
0 0.05312 0.14453 0.01562 0.01953
0 0.02969 0.11719 0.01562 0.01953
0 0.04219 0.09180 0.01562 0.01953
0 0.03594 0.06055 0.01562 0.01953
0 0.03125 0.03711 0.01562 0.01953
0 0.04219 0.01172 0.01562 0.01953
0 0.10312 0.01172 0.01562 0.01953
0 0.07656 0.01562 0.01562 0.01953
0 0.03750 0.34766 0.01562 0.01953
0 0.00937 0.37305 0.01562 0.01953
0 0.01250 0.40820 0.01562 0.01953
0 0.01406 0.44922 0.01562 0.01953
0 0.03594 0.48047 0.01562 0.01953
0 0.03125 0.51172 0.01562 0.01953
0 0.05156 0.54492 0.01562 0.01953
0 0.04063 0.56836 0.01562 0.01953
0 0.04063 0.60547 0.01562 0.01953
0 0.03750 0.63672 0.01562 0.01953
0 0.04063 0.67383 0.01562 0.01953
0 0.04375 0.70508 0.01562 0.01953
0 0.03750 0.73047 0.01562 0.01953
0 0.05625 0.77539 0.01562 0.01953
0 0.06719 0.82031 0.01562 0.01953
0 0.07031 0.84766 0.01562 0.01953
0 0.09688 0.90820 0.01562 0.01953
0 0.04844 0.90039 0.01562 0.01953
0 0.01719 0.93750 0.01562 0.01953
0 0.03125 0.88672 0.01562 0.01953
0 0.02500 0.85352 0.01562 0.01953
0 0.02187 0.77148 0.01562 0.01953
0 0.00469 0.73633 0.01562 0.01953
0 0.00625 0.69531 0.01562 0.01953
0 0.01094 0.63086 0.01562 0.01953
0 0.00937 0.59766 0.01562 0.01953
0 0.00781 0.55273 0.01562 0.01953
0 0.00625 0.51562 0.01562 0.01953
0 0.11406 0.93359 0.01562 0.01953
0 0.13281 0.90430 0.01562 0.01953
0 0.17969 0.91992 0.01562 0.01953
0 0.16406 0.96094 0.01562 0.01953
0 0.18594 0.96680 0.01562 0.01953
0 0.20938 0.93750 0.01562 0.01953
0 0.19844 0.90820 0.01562 0.01953
0 0.16562 0.89844 0.01562 0.01953
0 0.23750 0.90820 0.01562 0.01953
0 0.24063 0.97656 0.01562 0.01953
0 0.28437 0.99023 0.01562 0.01953
0 0.27187 0.90820 0.01562 0.01953
0 0.28125 0.94336 0.01562 0.01953
0 0.31406 0.98828 0.01562 0.01953
0 0.31250 0.93164 0.01562 0.01953
0 0.32812 0.95703 0.01562 0.01953
0 0.36094 0.97266 0.01562 0.01953
0 0.35625 0.93359 0.01562 0.01953
0 0.33594 0.93164 0.01562 0.01953
0 0.35000 0.89453 0.01562 0.01953
0 0.39219 0.90430 0.01562 0.01953
0 0.40313 0.93750 0.01562 0.01953
0 0.42969 0.91211 0.01562 0.01953
0 0.46094 0.90430 0.01562 0.01953
0 0.50000 0.90430 0.01562 0.01953
0 0.47500 0.97656 0.01562 0.01953
0 0.43125 0.97070 0.01562 0.01953
0 0.55000 0.96094 0.01562 0.01953
0 0.57812 0.96094 0.01562 0.01953
0 0.57656 0.90820 0.01562 0.01953
0 0.61250 0.89844 0.01562 0.01953
0 0.61406 0.83984 0.01562 0.01953
0 0.62344 0.86523 0.01562 0.01953
0 0.61875 0.77734 0.01562 0.01953
0 0.60781 0.80469 0.01562 0.01953
0 0.64062 0.75000 0.01562 0.01953
0 0.61562 0.71094 0.01562 0.01953
0 0.64687 0.70312 0.01562 0.01953
0 0.65625 0.73242 0.01562 0.01953
0 0.67812 0.79688 0.01562 0.01953
0 0.67188 0.83984 0.01562 0.01953
0 0.67812 0.90625 0.01562 0.01953
0 0.78906 0.84961 0.01562 0.01953
0 0.77656 0.79883 0.01562 0.01953
0 0.77500 0.75586 0.01562 0.01953
0 0.81406 0.74805 0.01562 0.01953
0 0.84531 0.71289 0.01562 0.01953
0 0.64062 0.57031 0.01562 0.01953
0 0.65938 0.54883 0.01562 0.01953
0 0.68125 0.53320 0.01562 0.01953
0 0.72188 0.53125 0.01562 0.01953
0 0.72188 0.49609 0.01562 0.01953
0 0.68125 0.61914 0.01562 0.01953
0 0.65156 0.65820 0.01562 0.01953
0 0.63906 0.48047 0.01562 0.01953
0 0.66719 0.46289 0.01562 0.01953
0 0.69375 0.42188 0.01562 0.01953
0 0.80156 0.44336 0.01562 0.01953
0 0.82812 0.41602 0.01562 0.01953
0 0.86094 0.40820 0.01562 0.01953
0 0.75938 0.36523 0.01562 0.01953
0 0.72969 0.35742 0.01562 0.01953
0 0.88906 0.20117 0.01562 0.01953
0 0.83281 0.19336 0.01562 0.01953
0 0.72188 0.24023 0.01562 0.01953
0 0.71094 0.26172 0.01562 0.01953
0 0.72500 0.29688 0.01562 0.01953
0 0.70469 0.32227 0.01562 0.01953
0 0.67500 0.30859 0.01562 0.01953
0 0.67812 0.24609 0.01562 0.01953
0 0.64062 0.26562 0.01562 0.01953
0 0.63906 0.43750 0.01562 0.01953
0 0.62031 0.38672 0.01562 0.01953
0 0.65156 0.35742 0.01562 0.01953
0 0.63125 0.33594 0.01562 0.01953
0 0.63125 0.29883 0.01562 0.01953
0 0.62969 0.20898 0.01562 0.01953
0 0.65156 0.15820 0.01562 0.01953
0 0.67969 0.13281 0.01562 0.01953
0 0.69063 0.68945 0.01562 0.01953
0 0.80312 0.12305 0.01562 0.01953
0 0.75313 0.11719 0.01562 0.01953
0 0.77031 0.18945 0.01562 0.01953
0 0.76562 0.21289 0.01562 0.01953
0 0.73750 0.20117 0.01562 0.01953
0 0.79688 0.03906 0.01562 0.01953
0 0.77031 0.01172 0.01562 0.01953
0 0.62813 0.12500 0.01562 0.01953
0 0.60625 0.09375 0.01562 0.01953
0 0.64687 0.08789 0.01562 0.01953
0 0.71094 0.08008 0.01562 0.01953
0 0.67500 0.06445 0.01562 0.01953
0 0.70000 0.04883 0.01562 0.01953
0 0.70469 0.13281 0.01562 0.01953
0 0.73750 0.07617 0.01562 0.01953
0 0.83125 0.06445 0.01562 0.01953
0 0.75938 0.27930 0.01562 0.01953
0 0.66719 0.03711 0.01562 0.01953
0 0.69063 0.01367 0.01562 0.01953
0 0.33750 0.13281 0.01562 0.01953
0 0.08438 0.88086 0.01562 0.01953
0 0.54063 0.89648 0.01562 0.01953
0 0.69844 0.75586 0.01562 0.01953
0 0.62813 0.65625 0.01562 0.01953
0 0.67969 0.38672 0.01562 0.01953
0 0.66094 0.40234 0.01562 0.01953
