0 0.32656 0.77734 0.01562 0.01953
0 0.35469 0.73438 0.01562 0.01953
0 0.39531 0.75195 0.01562 0.01953
0 0.59062 0.83789 0.01562 0.01953
0 0.64531 0.79297 0.01562 0.01953
0 0.80000 0.84570 0.01562 0.01953
0 0.92656 0.80078 0.01562 0.01953
0 0.75313 0.75781 0.01562 0.01953
0 0.66875 0.60547 0.01562 0.01953
0 0.60313 0.56445 0.01562 0.01953
0 0.59219 0.52344 0.01562 0.01953
0 0.76406 0.50586 0.01562 0.01953
0 0.74219 0.35352 0.01562 0.01953
0 0.95625 0.09180 0.01562 0.01953
0 0.63125 0.01172 0.01562 0.01953
