0 0.04844 0.95312 0.01562 0.01953
0 0.05156 0.91602 0.01562 0.01953
0 0.02969 0.87500 0.01562 0.01953
0 0.00781 0.82227 0.01562 0.01953
0 0.00625 0.72656 0.01562 0.01953
0 0.05156 0.57227 0.01562 0.01953
0 0.02969 0.54102 0.01562 0.01953
0 0.00937 0.57227 0.01562 0.01953
0 0.00469 0.53906 0.01562 0.01953
0 0.01719 0.49023 0.01562 0.01953
0 0.04063 0.46484 0.01562 0.01953
0 0.02813 0.43555 0.01562 0.01953
0 0.02344 0.40234 0.01562 0.01953
0 0.04375 0.36914 0.01562 0.01953
0 0.04844 0.41797 0.01562 0.01953
0 0.07344 0.39844 0.01562 0.01953
0 0.07656 0.43555 0.01562 0.01953
0 0.07656 0.48242 0.01562 0.01953
0 0.10469 0.46875 0.01562 0.01953
0 0.16719 0.43555 0.01562 0.01953
0 0.13906 0.44336 0.01562 0.01953
0 0.12812 0.41602 0.01562 0.01953
0 0.11094 0.38867 0.01562 0.01953
0 0.08750 0.35156 0.01562 0.01953
0 0.06875 0.32227 0.01562 0.01953
0 0.10938 0.33398 0.01562 0.01953
0 0.12812 0.35742 0.01562 0.01953
0 0.14531 0.38477 0.01562 0.01953
0 0.16094 0.41016 0.01562 0.01953
0 0.19687 0.41602 0.01562 0.01953
0 0.20469 0.46289 0.01562 0.01953
0 0.17813 0.39648 0.01562 0.01953
0 0.16562 0.36523 0.01562 0.01953
0 0.14688 0.32812 0.01562 0.01953
0 0.09688 0.27539 0.01562 0.01953
0 0.13750 0.28125 0.01562 0.01953
0 0.04844 0.24805 0.01562 0.01953
0 0.01094 0.19336 0.01562 0.01953
0 0.08438 0.14062 0.01562 0.01953
0 0.11406 0.14648 0.01562 0.01953
0 0.14219 0.17383 0.01562 0.01953
0 0.14531 0.23438 0.01562 0.01953
0 0.18750 0.20703 0.01562 0.01953
0 0.16406 0.09570 0.01562 0.01953
0 0.20938 0.05859 0.01562 0.01953
0 0.25469 0.08789 0.01562 0.01953
0 0.24844 0.21875 0.01562 0.01953
0 0.21875 0.25195 0.01562 0.01953
0 0.20312 0.29883 0.01562 0.01953
0 0.18125 0.32812 0.01562 0.01953
0 0.19844 0.36328 0.01562 0.01953
0 0.21406 0.38281 0.01562 0.01953
0 0.22344 0.42188 0.01562 0.01953
0 0.24688 0.46289 0.01562 0.01953
0 0.27813 0.44141 0.01562 0.01953
0 0.25156 0.40820 0.01562 0.01953
0 0.23281 0.37500 0.01562 0.01953
0 0.22031 0.34180 0.01562 0.01953
0 0.23594 0.31641 0.01562 0.01953
0 0.25625 0.35547 0.01562 0.01953
0 0.26875 0.37305 0.01562 0.01953
0 0.29531 0.36133 0.01562 0.01953
0 0.28750 0.39258 0.01562 0.01953
0 0.30000 0.47656 0.01562 0.01953
0 0.30781 0.43164 0.01562 0.01953
0 0.30938 0.40039 0.01562 0.01953
0 0.33906 0.43359 0.01562 0.01953
0 0.33437 0.40430 0.01562 0.01953
0 0.35469 0.38477 0.01562 0.01953
0 0.31719 0.21875 0.01562 0.01953
0 0.36719 0.19531 0.01562 0.01953
0 0.29063 0.26367 0.01562 0.01953
0 0.26094 0.29102 0.01562 0.01953
0 0.28125 0.31836 0.01562 0.01953
0 0.30938 0.33008 0.01562 0.01953
0 0.32812 0.36328 0.01562 0.01953
0 0.33437 0.25977 0.01562 0.01953
0 0.33750 0.29688 0.01562 0.01953
0 0.35156 0.33594 0.01562 0.01953
0 0.36094 0.42773 0.01562 0.01953
0 0.33750 0.47070 0.01562 0.01953
0 0.36719 0.47852 0.01562 0.01953
0 0.39531 0.48047 0.01562 0.01953
0 0.39219 0.41211 0.01562 0.01953
0 0.37344 0.38867 0.01562 0.01953
0 0.39844 0.36914 0.01562 0.01953
0 0.37344 0.35938 0.01562 0.01953
0 0.38594 0.32812 0.01562 0.01953
0 0.38750 0.25391 0.01562 0.01953
0 0.42969 0.23828 0.01562 0.01953
0 0.46250 0.16797 0.01562 0.01953
0 0.48750 0.20703 0.01562 0.01953
0 0.47031 0.26953 0.01562 0.01953
0 0.47813 0.30078 0.01562 0.01953
0 0.45156 0.30664 0.01562 0.01953
0 0.41875 0.33008 0.01562 0.01953
0 0.46875 0.34180 0.01562 0.01953
0 0.43594 0.37305 0.01562 0.01953
0 0.42031 0.39648 0.01562 0.01953
0 0.50625 0.33008 0.01562 0.01953
0 0.52031 0.30078 0.01562 0.01953
0 0.54219 0.22266 0.01562 0.01953
0 0.62969 0.17383 0.01562 0.01953
0 0.61094 0.22266 0.01562 0.01953
0 0.60781 0.29688 0.01562 0.01953
0 0.67344 0.05859 0.01562 0.01953
0 0.64375 0.01758 0.01562 0.01953
0 0.55000 0.02539 0.01562 0.01953
0 0.56094 0.30859 0.01562 0.01953
0 0.53438 0.33594 0.01562 0.01953
0 0.46563 0.37695 0.01562 0.01953
0 0.49844 0.35938 0.01562 0.01953
0 0.44688 0.39648 0.01562 0.01953
0 0.43281 0.44531 0.01562 0.01953
0 0.42812 0.50000 0.01562 0.01953
0 0.46250 0.47266 0.01562 0.01953
0 0.46719 0.43164 0.01562 0.01953
0 0.51719 0.41602 0.01562 0.01953
0 0.49531 0.39844 0.01562 0.01953
0 0.47344 0.39062 0.01562 0.01953
0 0.52031 0.37695 0.01562 0.01953
0 0.54219 0.36914 0.01562 0.01953
0 0.59062 0.38281 0.01562 0.01953
0 0.59688 0.35547 0.01562 0.01953
0 0.64062 0.32422 0.01562 0.01953
0 0.66719 0.35938 0.01562 0.01953
0 0.62969 0.36914 0.01562 0.01953
0 0.68750 0.39062 0.01562 0.01953
0 0.56875 0.34180 0.01562 0.01953
0 0.49062 0.47656 0.01562 0.01953
0 0.54688 0.40625 0.01562 0.01953
0 0.53281 0.44531 0.01562 0.01953
0 0.57031 0.43555 0.01562 0.01953
0 0.57031 0.40625 0.01562 0.01953
0 0.60313 0.40820 0.01562 0.01953
0 0.61094 0.43750 0.01562 0.01953
0 0.57500 0.45898 0.01562 0.01953
0 0.51719 0.49609 0.01562 0.01953
0 0.57656 0.48828 0.01562 0.01953
0 0.60000 0.47070 0.01562 0.01953
0 0.64062 0.43164 0.01562 0.01953
0 0.67188 0.44922 0.01562 0.01953
0 0.74844 0.46875 0.01562 0.01953
0 0.72500 0.44727 0.01562 0.01953
0 0.64062 0.47656 0.01562 0.01953
0 0.65469 0.50781 0.01562 0.01953
0 0.68750 0.48242 0.01562 0.01953
0 0.17969 0.45703 0.01562 0.01953
0 0.55937 0.52734 0.01562 0.01953
0 0.39844 0.51562 0.01562 0.01953
0 0.67500 0.53125 0.01562 0.01953
0 0.62344 0.52930 0.01562 0.01953
0 0.61406 0.50000 0.01562 0.01953
0 0.54844 0.48242 0.01562 0.01953
0 0.58906 0.51758 0.01562 0.01953
0 0.65938 0.55078 0.01562 0.01953
0 0.63438 0.55469 0.01562 0.01953
0 0.71250 0.57422 0.01562 0.01953
0 0.74531 0.62500 0.01562 0.01953
0 0.73594 0.67188 0.01562 0.01953
0 0.74219 0.73242 0.01562 0.01953
0 0.85156 0.87109 0.01562 0.01953
0 0.81250 0.83008 0.01562 0.01953
0 0.73750 0.88672 0.01562 0.01953
0 0.75313 0.82812 0.01562 0.01953
0 0.72188 0.81641 0.01562 0.01953
0 0.71875 0.78711 0.01562 0.01953
0 0.72813 0.96680 0.01562 0.01953
0 0.71250 0.92578 0.01562 0.01953
0 0.69531 0.96289 0.01562 0.01953
0 0.68594 0.98828 0.01562 0.01953
0 0.65312 0.96875 0.01562 0.01953
0 0.65469 0.94141 0.01562 0.01953
0 0.68906 0.93164 0.01562 0.01953
0 0.70937 0.89844 0.01562 0.01953
0 0.69844 0.85352 0.01562 0.01953
0 0.59219 0.56641 0.01562 0.01953
0 0.56406 0.58008 0.01562 0.01953
0 0.56719 0.62500 0.01562 0.01953
0 0.59219 0.59961 0.01562 0.01953
0 0.61875 0.59180 0.01562 0.01953
0 0.64844 0.58789 0.01562 0.01953
0 0.68594 0.59570 0.01562 0.01953
0 0.71562 0.63867 0.01562 0.01953
0 0.69063 0.63867 0.01562 0.01953
0 0.69219 0.67188 0.01562 0.01953
0 0.70156 0.71680 0.01562 0.01953
0 0.64687 0.61719 0.01562 0.01953
0 0.63125 0.63281 0.01562 0.01953
0 0.66875 0.64844 0.01562 0.01953
0 0.66250 0.68945 0.01562 0.01953
0 0.64609 0.65820 0.00156 0.00000
0 0.62187 0.67383 0.01562 0.01953
0 0.58906 0.68945 0.01562 0.01953
0 0.60313 0.71484 0.01562 0.01953
0 0.60313 0.73828 0.01562 0.01953
0 0.63281 0.73828 0.01562 0.01953
0 0.65156 0.71875 0.01562 0.01953
0 0.63750 0.69141 0.01562 0.01953
0 0.66563 0.74219 0.01562 0.01953
0 0.63750 0.77734 0.01562 0.01953
0 0.66250 0.78125 0.01562 0.01953
0 0.68750 0.82031 0.01562 0.01953
0 0.67656 0.84375 0.01562 0.01953
0 0.65781 0.80469 0.01562 0.01953
0 0.66250 0.82617 0.01562 0.01953
0 0.62500 0.81836 0.01562 0.01953
0 0.59375 0.81836 0.01562 0.01953
0 0.61250 0.86914 0.01562 0.01953
0 0.62969 0.84961 0.01562 0.01953
0 0.65625 0.86816 0.00000 0.00195
0 0.66094 0.90625 0.01562 0.01953
0 0.63125 0.89258 0.01562 0.01953
0 0.59531 0.88867 0.01562 0.01953
0 0.60313 0.92773 0.01562 0.01953
0 0.62500 0.98438 0.01562 0.01953
0 0.14531 0.50000 0.01562 0.01953
0 0.07031 0.51758 0.01562 0.01953
0 0.02969 0.93164 0.01562 0.01953
0 0.06250 0.37305 0.01562 0.01953
