0 0.04531 0.94336 0.01562 0.01953
0 0.04844 0.91211 0.01562 0.01953
0 0.03438 0.87305 0.01562 0.01953
0 0.01094 0.82617 0.01562 0.01953
0 0.49688 0.47461 0.01562 0.01953
0 0.00781 0.72852 0.01562 0.01953
0 0.00781 0.57031 0.01562 0.01953
0 0.04844 0.54688 0.01562 0.01953
0 0.01250 0.54297 0.01562 0.01953
0 0.07344 0.52539 0.01562 0.01953
0 0.07969 0.49023 0.01562 0.01953
0 0.05937 0.50195 0.01562 0.01953
0 0.02031 0.49609 0.01562 0.01953
0 0.04219 0.46875 0.01562 0.01953
0 0.04063 0.44336 0.01562 0.01953
0 0.01562 0.44141 0.01562 0.01953
0 0.02969 0.40234 0.01562 0.01953
0 0.00469 0.38281 0.01562 0.01953
0 0.00469 0.34766 0.01562 0.01953
0 0.03750 0.36133 0.01562 0.01953
0 0.06563 0.37305 0.01562 0.01953
0 0.06406 0.40234 0.01562 0.01953
0 0.08594 0.40820 0.01562 0.01953
0 0.05469 0.42188 0.01562 0.01953
0 0.07031 0.43555 0.01562 0.01953
0 0.08906 0.46289 0.01562 0.01953
0 0.11406 0.47461 0.01562 0.01953
0 0.10625 0.43750 0.01562 0.01953
0 0.17813 0.46289 0.01562 0.01953
0 0.13906 0.44336 0.01562 0.01953
0 0.12812 0.42188 0.01562 0.01953
0 0.11406 0.38867 0.01562 0.01953
0 0.09062 0.35156 0.01562 0.01953
0 0.07031 0.32422 0.01562 0.01953
0 0.11563 0.33398 0.01562 0.01953
0 0.12656 0.35547 0.01562 0.01953
0 0.14375 0.37891 0.01562 0.01953
0 0.16406 0.41602 0.01562 0.01953
0 0.18281 0.40039 0.01562 0.01953
0 0.19375 0.42383 0.01562 0.01953
0 0.21094 0.47070 0.01562 0.01953
0 0.25000 0.46484 0.01562 0.01953
0 0.22656 0.42969 0.01562 0.01953
0 0.21563 0.39453 0.01562 0.01953
0 0.19844 0.36133 0.01562 0.01953
0 0.16250 0.36719 0.01562 0.01953
0 0.14688 0.33008 0.01562 0.01953
0 0.18594 0.33398 0.01562 0.01953
0 0.01562 0.20117 0.01562 0.01953
0 0.05625 0.25586 0.01562 0.01953
0 0.10312 0.27539 0.01562 0.01953
0 0.13437 0.28125 0.01562 0.01953
0 0.15000 0.23438 0.01562 0.01953
0 0.18906 0.21289 0.01562 0.01953
0 0.15156 0.18359 0.01562 0.01953
0 0.10938 0.14844 0.01562 0.01953
0 0.07656 0.14258 0.01562 0.01953
0 0.17188 0.09570 0.01562 0.01953
0 0.21406 0.06641 0.01562 0.01953
0 0.25781 0.08984 0.01562 0.01953
0 0.24844 0.22070 0.01562 0.01953
0 0.22187 0.25391 0.01562 0.01953
0 0.20469 0.30273 0.01562 0.01953
0 0.24219 0.31641 0.01562 0.01953
0 0.22031 0.34961 0.01562 0.01953
0 0.26406 0.29883 0.01562 0.01953
0 0.28437 0.32422 0.01562 0.01953
0 0.25312 0.36133 0.01562 0.01953
0 0.23281 0.37695 0.01562 0.01953
0 0.25000 0.41016 0.01562 0.01953
0 0.27344 0.45703 0.01562 0.01953
0 0.29063 0.39648 0.01562 0.01953
0 0.30781 0.43750 0.01562 0.01953
0 0.30312 0.47656 0.01562 0.01953
0 0.33437 0.48047 0.01562 0.01953
0 0.33906 0.43555 0.01562 0.01953
0 0.33906 0.41211 0.01562 0.01953
0 0.31250 0.40625 0.01562 0.01953
0 0.29531 0.36133 0.01562 0.01953
0 0.27344 0.37891 0.01562 0.01953
0 0.31250 0.33789 0.01562 0.01953
0 0.33125 0.36133 0.01562 0.01953
0 0.35469 0.39258 0.01562 0.01953
0 0.36719 0.43750 0.01562 0.01953
0 0.36719 0.47852 0.01562 0.01953
0 0.39844 0.48047 0.01562 0.01953
0 0.43281 0.50391 0.01562 0.01953
0 0.46250 0.47461 0.01562 0.01953
0 0.43281 0.44727 0.01562 0.01953
0 0.39844 0.42383 0.01562 0.01953
0 0.37656 0.39258 0.01562 0.01953
0 0.42188 0.40234 0.01562 0.01953
0 0.45000 0.40234 0.01562 0.01953
0 0.46875 0.42773 0.01562 0.01953
0 0.44062 0.37500 0.01562 0.01953
0 0.39844 0.37500 0.01562 0.01953
0 0.37500 0.36133 0.01562 0.01953
0 0.35000 0.33594 0.01562 0.01953
0 0.33906 0.30078 0.01562 0.01953
0 0.33281 0.25586 0.01562 0.01953
0 0.29375 0.26172 0.01562 0.01953
0 0.31875 0.21875 0.01562 0.01953
0 0.36094 0.19727 0.01562 0.01953
0 0.46563 0.17188 0.01562 0.01953
0 0.43281 0.24609 0.01562 0.01953
0 0.38750 0.26367 0.01562 0.01953
0 0.39062 0.32422 0.01562 0.01953
0 0.42188 0.33008 0.01562 0.01953
0 0.45156 0.31445 0.01562 0.01953
0 0.46875 0.34766 0.01562 0.01953
0 0.48125 0.30859 0.01562 0.01953
0 0.46875 0.26953 0.01562 0.01953
0 0.48750 0.21484 0.01562 0.01953
0 0.54375 0.23242 0.01562 0.01953
0 0.52812 0.30273 0.01562 0.01953
0 0.50781 0.33789 0.01562 0.01953
0 0.49844 0.37109 0.01562 0.01953
0 0.46719 0.37500 0.01562 0.01953
0 0.47656 0.40039 0.01562 0.01953
0 0.50000 0.40625 0.01562 0.01953
0 0.52187 0.42383 0.01562 0.01953
0 0.55156 0.41016 0.01562 0.01953
0 0.52031 0.38281 0.01562 0.01953
0 0.54844 0.37305 0.01562 0.01953
0 0.53750 0.33789 0.01562 0.01953
0 0.56563 0.31445 0.01562 0.01953
0 0.57188 0.34570 0.01562 0.01953
0 0.58906 0.38477 0.01562 0.01953
0 0.60313 0.36133 0.01562 0.01953
0 0.63125 0.37500 0.01562 0.01953
0 0.61406 0.30078 0.01562 0.01953
0 0.60469 0.22852 0.01562 0.01953
0 0.64687 0.19336 0.01562 0.01953
0 0.64687 0.32812 0.01562 0.01953
0 0.55469 0.03320 0.01562 0.01953
0 0.65156 0.02734 0.01562 0.01953
0 0.67656 0.05469 0.01562 0.01953
0 0.57188 0.41016 0.01562 0.01953
0 0.60469 0.41211 0.01562 0.01953
0 0.66875 0.36914 0.01562 0.01953
0 0.68906 0.40234 0.01562 0.01953
0 0.64375 0.43555 0.01562 0.01953
0 0.61406 0.44141 0.01562 0.01953
0 0.57109 0.44043 0.00156 0.00195
0 0.53438 0.44922 0.01562 0.01953
0 0.52187 0.50977 0.01562 0.01953
0 0.57188 0.49609 0.01562 0.01953
0 0.55937 0.52930 0.01562 0.01953
0 0.57812 0.46289 0.01562 0.01953
0 0.55469 0.47461 0.01562 0.01953
0 0.67344 0.45508 0.01562 0.01953
0 0.75313 0.47656 0.01562 0.01953
0 0.68906 0.49219 0.01562 0.01953
0 0.64219 0.48242 0.01562 0.01953
0 0.60313 0.47461 0.01562 0.01953
0 0.58594 0.52930 0.01562 0.01953
0 0.62344 0.53125 0.01562 0.01953
0 0.62500 0.49219 0.01562 0.01953
0 0.65469 0.51367 0.01562 0.01953
0 0.67969 0.53320 0.01562 0.01953
0 0.66406 0.55664 0.01562 0.01953
0 0.63594 0.55859 0.01562 0.01953
0 0.71562 0.58203 0.01562 0.01953
0 0.68750 0.59766 0.01562 0.01953
0 0.65156 0.58789 0.01562 0.01953
0 0.61875 0.59766 0.01562 0.01953
0 0.59688 0.57617 0.01562 0.01953
0 0.59219 0.60938 0.01562 0.01953
0 0.56875 0.62500 0.01562 0.01953
0 0.63281 0.63867 0.01562 0.01953
0 0.65469 0.62305 0.01562 0.01953
0 0.74844 0.63086 0.01562 0.01953
0 0.71562 0.63867 0.01562 0.01953
0 0.69531 0.64648 0.01562 0.01953
0 0.67344 0.65234 0.01562 0.01953
0 0.73438 0.67773 0.01562 0.01953
0 0.69531 0.67773 0.01562 0.01953
0 0.65312 0.66211 0.01562 0.01953
0 0.62500 0.67773 0.01562 0.01953
0 0.66406 0.68945 0.01562 0.01953
0 0.65469 0.72070 0.01562 0.01953
0 0.66875 0.74609 0.01562 0.01953
0 0.70000 0.71680 0.01562 0.01953
0 0.74531 0.73242 0.01562 0.01953
0 0.59219 0.69141 0.01562 0.01953
0 0.60781 0.71289 0.01562 0.01953
0 0.63750 0.74609 0.01562 0.01953
0 0.60000 0.73242 0.01562 0.01953
0 0.72031 0.78711 0.01562 0.01953
0 0.75313 0.82617 0.01562 0.01953
0 0.73125 0.82617 0.01562 0.01953
0 0.81719 0.85547 0.01562 0.01953
0 0.85625 0.87500 0.01562 0.01953
0 0.79219 0.90039 0.01562 0.01953
0 0.73906 0.89453 0.01562 0.01953
0 0.73281 0.96875 0.01562 0.01953
0 0.69844 0.97070 0.01562 0.01953
0 0.65469 0.97461 0.01562 0.01953
0 0.65625 0.94727 0.01562 0.01953
0 0.63594 0.98828 0.01562 0.01953
0 0.60313 0.92969 0.01562 0.01953
0 0.60469 0.89648 0.01562 0.01953
0 0.62969 0.88672 0.01562 0.01953
0 0.66719 0.91016 0.01562 0.01953
0 0.68750 0.93750 0.01562 0.01953
0 0.71250 0.93164 0.01562 0.01953
0 0.70937 0.90039 0.01562 0.01953
0 0.68906 0.88086 0.01562 0.01953
0 0.66250 0.87305 0.01562 0.01953
0 0.70000 0.85352 0.01562 0.01953
0 0.67969 0.84180 0.01562 0.01953
0 0.68750 0.82031 0.01562 0.01953
0 0.67344 0.78711 0.01562 0.01953
0 0.66250 0.82617 0.01562 0.01953
0 0.66406 0.80664 0.01562 0.01953
0 0.64062 0.78320 0.01562 0.01953
0 0.64062 0.83984 0.01562 0.01953
0 0.62031 0.82031 0.01562 0.01953
0 0.59688 0.82617 0.01562 0.01953
0 0.15000 0.50977 0.01562 0.01953
