0 0.00781 0.73828 0.01562 0.01953
0 0.59688 0.83594 0.01562 0.01953
0 0.62500 0.82422 0.01562 0.01953
0 0.74219 0.88281 0.01562 0.01953
0 0.72656 0.97266 0.01562 0.01953
0 0.71250 0.93164 0.01562 0.01953
0 0.69531 0.96680 0.01562 0.01953
0 0.68437 0.99414 0.01562 0.01953
0 0.65312 0.97656 0.01562 0.01953
0 0.62500 0.99023 0.01562 0.01953
0 0.60781 0.93359 0.01562 0.01953
0 0.59844 0.90430 0.01562 0.01953
0 0.63750 0.86328 0.01562 0.01953
0 0.02969 0.88086 0.01562 0.01953
0 0.04688 0.96289 0.01562 0.01953
0 0.05156 0.92188 0.01562 0.01953
0 0.00625 0.63086 0.01562 0.01953
0 0.05312 0.55859 0.01562 0.01953
0 0.00781 0.54297 0.01562 0.01953
0 0.02813 0.54297 0.01562 0.01953
0 0.01719 0.50391 0.01562 0.01953
0 0.07656 0.52734 0.01562 0.01953
0 0.04063 0.47266 0.01562 0.01953
0 0.01094 0.44922 0.01562 0.01953
0 0.03750 0.44531 0.01562 0.01953
0 0.07500 0.49414 0.01562 0.01953
0 0.12031 0.47461 0.01562 0.01953
0 0.07969 0.44141 0.01562 0.01953
0 0.05469 0.42969 0.01562 0.01953
0 0.03125 0.41211 0.01562 0.01953
0 0.00469 0.38867 0.01562 0.01953
0 0.00781 0.35156 0.01562 0.01953
0 0.01562 0.20312 0.01562 0.01953
0 0.08125 0.14258 0.01562 0.01953
0 0.11875 0.15039 0.01562 0.01953
0 0.16406 0.10547 0.01562 0.01953
0 0.21563 0.07031 0.01562 0.01953
0 0.26250 0.08984 0.01562 0.01953
0 0.55469 0.03516 0.01562 0.01953
0 0.67500 0.06445 0.01562 0.01953
0 0.64687 0.03516 0.01562 0.01953
0 0.15156 0.18750 0.01562 0.01953
0 0.05469 0.25586 0.01562 0.01953
0 0.14531 0.24023 0.01562 0.01953
0 0.18906 0.22266 0.01562 0.01953
0 0.25000 0.23242 0.01562 0.01953
0 0.04375 0.37305 0.01562 0.01953
0 0.06250 0.38281 0.01562 0.01953
0 0.07812 0.40625 0.01562 0.01953
0 0.10469 0.44336 0.01562 0.01953
0 0.14531 0.44922 0.01562 0.01953
0 0.12344 0.42383 0.01562 0.01953
0 0.11406 0.39648 0.01562 0.01953
0 0.14531 0.39258 0.01562 0.01953
0 0.13125 0.36719 0.01562 0.01953
0 0.09219 0.35547 0.01562 0.01953
0 0.07344 0.33398 0.01562 0.01953
0 0.11563 0.33594 0.01562 0.01953
0 0.10312 0.29102 0.01562 0.01953
0 0.14062 0.28711 0.01562 0.01953
0 0.22031 0.25586 0.01562 0.01953
0 0.20781 0.30859 0.01562 0.01953
0 0.15000 0.33398 0.01562 0.01953
0 0.18594 0.33789 0.01562 0.01953
0 0.16719 0.37500 0.01562 0.01953
0 0.19687 0.36914 0.01562 0.01953
0 0.15937 0.42188 0.01562 0.01953
0 0.18281 0.40234 0.01562 0.01953
0 0.18281 0.46875 0.01562 0.01953
0 0.19687 0.42773 0.01562 0.01953
0 0.14531 0.50781 0.01562 0.01953
0 0.21719 0.38867 0.01562 0.01953
0 0.23906 0.38086 0.01562 0.01953
0 0.22031 0.35156 0.01562 0.01953
0 0.23750 0.32227 0.01562 0.01953
0 0.25156 0.41602 0.01562 0.01953
0 0.22812 0.42969 0.01562 0.01953
0 0.20781 0.47852 0.01562 0.01953
0 0.24688 0.46875 0.01562 0.01953
0 0.27500 0.46289 0.01562 0.01953
0 0.29844 0.48242 0.01562 0.01953
0 0.30781 0.43945 0.01562 0.01953
0 0.28906 0.40039 0.01562 0.01953
0 0.25156 0.35938 0.01562 0.01953
0 0.25938 0.30078 0.01562 0.01953
0 0.28594 0.32812 0.01562 0.01953
0 0.31250 0.33984 0.01562 0.01953
0 0.30000 0.36914 0.01562 0.01953
0 0.27031 0.38281 0.01562 0.01953
0 0.33281 0.36523 0.01562 0.01953
0 0.35000 0.33789 0.01562 0.01953
0 0.34219 0.30078 0.01562 0.01953
0 0.29688 0.27344 0.01562 0.01953
0 0.33437 0.26562 0.01562 0.01953
0 0.31719 0.22656 0.01562 0.01953
0 0.36094 0.19727 0.01562 0.01953
0 0.39062 0.26953 0.01562 0.01953
0 0.43281 0.24805 0.01562 0.01953
0 0.39375 0.33398 0.01562 0.01953
0 0.31406 0.40820 0.01562 0.01953
0 0.33594 0.41602 0.01562 0.01953
0 0.35313 0.39453 0.01562 0.01953
0 0.37344 0.36328 0.01562 0.01953
0 0.37812 0.39648 0.01562 0.01953
0 0.39844 0.37500 0.01562 0.01953
0 0.42500 0.33398 0.01562 0.01953
0 0.45312 0.32031 0.01562 0.01953
0 0.47344 0.28320 0.01562 0.01953
0 0.49219 0.22461 0.01562 0.01953
0 0.46563 0.17383 0.01562 0.01953
0 0.46719 0.35156 0.01562 0.01953
0 0.43594 0.37891 0.01562 0.01953
0 0.42344 0.40234 0.01562 0.01953
0 0.39687 0.42773 0.01562 0.01953
0 0.36719 0.43750 0.01562 0.01953
0 0.34219 0.44922 0.01562 0.01953
0 0.33437 0.48633 0.01562 0.01953
0 0.36719 0.48828 0.01562 0.01953
0 0.39844 0.49023 0.01562 0.01953
0 0.43125 0.50586 0.01562 0.01953
0 0.43594 0.45508 0.01562 0.01953
0 0.46094 0.47656 0.01562 0.01953
0 0.46406 0.43555 0.01562 0.01953
0 0.44844 0.40625 0.01562 0.01953
0 0.47656 0.40820 0.01562 0.01953
0 0.47187 0.38281 0.01562 0.01953
0 0.50469 0.41016 0.01562 0.01953
0 0.49688 0.37500 0.01562 0.01953
0 0.50938 0.34766 0.01562 0.01953
0 0.48438 0.30859 0.01562 0.01953
0 0.55000 0.24023 0.01562 0.01953
0 0.60625 0.23438 0.01562 0.01953
0 0.65938 0.20703 0.01562 0.01953
0 0.76562 0.03906 0.01562 0.01953
0 0.61562 0.30078 0.01562 0.01953
0 0.52812 0.30469 0.01562 0.01953
0 0.56563 0.32031 0.01562 0.01953
0 0.53906 0.33984 0.01562 0.01953
0 0.57344 0.35547 0.01562 0.01953
0 0.54844 0.37891 0.01562 0.01953
0 0.52344 0.39062 0.01562 0.01953
0 0.52344 0.42969 0.01562 0.01953
0 0.49688 0.50195 0.01562 0.01953
0 0.52344 0.50977 0.01562 0.01953
0 0.57344 0.50391 0.01562 0.01953
0 0.55469 0.47656 0.01562 0.01953
0 0.53281 0.45508 0.01562 0.01953
0 0.60000 0.52930 0.01562 0.01953
0 0.57969 0.46875 0.01562 0.01953
0 0.57500 0.44531 0.01562 0.01953
0 0.55156 0.41992 0.01562 0.01953
0 0.57344 0.41602 0.01562 0.01953
0 0.58906 0.39062 0.01562 0.01953
0 0.60313 0.36523 0.01562 0.01953
0 0.60313 0.41992 0.01562 0.01953
0 0.63594 0.37695 0.01562 0.01953
0 0.64531 0.33203 0.01562 0.01953
0 0.67188 0.37695 0.01562 0.01953
0 0.69063 0.40430 0.01562 0.01953
0 0.75469 0.48438 0.01562 0.01953
0 0.64531 0.43945 0.01562 0.01953
0 0.61719 0.45312 0.01562 0.01953
0 0.60313 0.48242 0.01562 0.01953
0 0.62344 0.50000 0.01562 0.01953
0 0.64531 0.48828 0.01562 0.01953
0 0.67500 0.46094 0.01562 0.01953
0 0.68906 0.49023 0.01562 0.01953
0 0.65781 0.51562 0.01562 0.01953
0 0.68125 0.54102 0.01562 0.01953
0 0.66250 0.56250 0.01562 0.01953
0 0.63750 0.56055 0.01562 0.01953
0 0.62344 0.53320 0.01562 0.01953
0 0.59688 0.57422 0.01562 0.01953
0 0.59688 0.61719 0.01562 0.01953
0 0.56875 0.63867 0.01562 0.01953
0 0.61875 0.60352 0.01562 0.01953
0 0.65312 0.59375 0.01562 0.01953
0 0.69063 0.60352 0.01562 0.01953
0 0.71562 0.58594 0.01562 0.01953
0 0.74687 0.63672 0.01562 0.01953
0 0.71719 0.64453 0.01562 0.01953
0 0.69219 0.64648 0.01562 0.01953
0 0.67188 0.65625 0.01562 0.01953
0 0.65469 0.62500 0.01562 0.01953
0 0.63438 0.64062 0.01562 0.01953
0 0.62656 0.68359 0.01562 0.01953
0 0.65000 0.66797 0.01562 0.01953
0 0.66406 0.69336 0.01562 0.01953
0 0.69844 0.68359 0.01562 0.01953
0 0.73906 0.67773 0.01562 0.01953
0 0.59688 0.69922 0.01562 0.01953
0 0.61094 0.72070 0.01562 0.01953
0 0.60313 0.74219 0.01562 0.01953
0 0.63438 0.74805 0.01562 0.01953
0 0.63750 0.71484 0.01562 0.01953
0 0.66875 0.74609 0.01562 0.01953
0 0.70469 0.72266 0.01562 0.01953
0 0.74844 0.74023 0.01562 0.01953
0 0.64375 0.78711 0.01562 0.01953
0 0.66719 0.78711 0.01562 0.01953
0 0.72188 0.79688 0.01562 0.01953
0 0.75156 0.83203 0.01562 0.01953
0 0.73281 0.83203 0.01562 0.01953
0 0.65938 0.81055 0.01562 0.01953
0 0.68906 0.83203 0.01562 0.01953
0 0.70469 0.85938 0.01562 0.01953
0 0.68437 0.84961 0.01562 0.01953
0 0.66094 0.87305 0.01562 0.01953
0 0.64844 0.92578 0.01562 0.01953
0 0.65625 0.95117 0.01562 0.01953
0 0.85625 0.88867 0.01562 0.01953
0 0.81406 0.88086 0.01562 0.01953
0 0.79219 0.92773 0.01562 0.01953
0 0.66719 0.91016 0.01562 0.01953
0 0.68906 0.88086 0.01562 0.01953
0 0.66719 0.88672 0.01562 0.01953
0 0.68750 0.94141 0.01562 0.01953
0 0.59375 0.64844 0.01562 0.01953
0 0.00937 0.85352 0.01562 0.01953
