0 0.69219 0.31250 0.01562 0.01953
0 0.65625 0.33008 0.01562 0.01953
0 0.63594 0.34375 0.01562 0.01953
0 0.60156 0.32422 0.01562 0.01953
0 0.57031 0.34375 0.01562 0.01953
0 0.54375 0.32812 0.01562 0.01953
0 0.51875 0.32812 0.01562 0.01953
0 0.42812 0.33594 0.01562 0.01953
0 0.37344 0.30273 0.01562 0.01953
0 0.32188 0.31445 0.01562 0.01953
0 0.26562 0.34766 0.01562 0.01953
0 0.09844 0.45703 0.01562 0.01953
0 0.08906 0.28711 0.01562 0.01953
0 0.12344 0.20117 0.01562 0.01953
0 0.30156 0.01953 0.01562 0.01953
0 0.32031 0.20312 0.01562 0.01953
0 0.44844 0.19922 0.01562 0.01953
0 0.45781 0.11133 0.01562 0.01953
0 0.60781 0.05664 0.01562 0.01953
0 0.65781 0.00977 0.01562 0.01953
0 0.76875 0.17969 0.01562 0.01953
0 0.83750 0.30273 0.01562 0.01953
0 0.88750 0.30469 0.01562 0.01953
0 0.77187 0.27539 0.01562 0.01953
0 0.56875 0.25586 0.01562 0.01953
0 0.97969 0.23828 0.01562 0.01953
0 0.47344 0.33789 0.01562 0.01953
0 0.04063 0.60352 0.01562 0.01953
0 0.19219 0.30859 0.01562 0.01953
0 0.01406 0.87500 0.01562 0.01953
