0 0.93125 0.16602 0.01562 0.01953
0 0.90312 0.29883 0.01562 0.01953
0 0.91406 0.47070 0.01562 0.01953
0 0.86094 0.50391 0.01562 0.01953
0 0.82344 0.48242 0.01562 0.01953
0 0.76406 0.46680 0.01562 0.01953
0 0.73281 0.52344 0.01562 0.01953
0 0.68437 0.45898 0.01562 0.01953
0 0.75781 0.18555 0.01562 0.01953
0 0.75156 0.14453 0.01562 0.01953
0 0.66250 0.33008 0.01562 0.01953
0 0.62031 0.39648 0.01562 0.01953
0 0.51719 0.46680 0.01562 0.01953
0 0.46250 0.47070 0.01562 0.01953
0 0.40313 0.35156 0.01562 0.01953
0 0.29688 0.07617 0.01562 0.01953
0 0.28281 0.17969 0.01562 0.01953
0 0.24844 0.23828 0.01562 0.01953
0 0.18906 0.41797 0.01562 0.01953
0 0.40313 0.44922 0.01562 0.01953
0 0.32500 0.47656 0.01562 0.01953
0 0.29219 0.48438 0.01562 0.01953
0 0.26250 0.48828 0.01562 0.01953
0 0.23125 0.47266 0.01562 0.01953
0 0.20938 0.49609 0.01562 0.01953
0 0.16875 0.49219 0.01562 0.01953
0 0.13437 0.49023 0.01562 0.01953
0 0.09688 0.50586 0.01562 0.01953
0 0.05312 0.49023 0.01562 0.01953
0 0.10156 0.45703 0.01562 0.01953
0 0.06094 0.38867 0.01562 0.01953
0 0.02031 0.34766 0.01562 0.01953
