0 0.07656 0.35547 0.01562 0.01953
0 0.05937 0.40820 0.01562 0.01953
0 0.07656 0.45703 0.01562 0.01953
0 0.14375 0.49609 0.01562 0.01953
0 0.19687 0.49414 0.01562 0.01953
0 0.28281 0.41992 0.01562 0.01953
0 0.33906 0.35938 0.01562 0.01953
0 0.35625 0.48242 0.01562 0.01953
0 0.49531 0.50781 0.01562 0.01953
0 0.43906 0.49219 0.01562 0.01953
0 0.53750 0.52734 0.01562 0.01953
0 0.43594 0.55273 0.01562 0.01953
0 0.52500 0.24609 0.01562 0.01953
0 0.56719 0.31445 0.01562 0.01953
0 0.52500 0.20898 0.01562 0.01953
0 0.65781 0.29102 0.01562 0.01953
0 0.88906 0.22656 0.01562 0.01953
0 0.59062 0.49023 0.01562 0.01953
