0 0.37344 0.37500 0.01562 0.01953
0 0.38125 0.34766 0.01562 0.01953
0 0.41250 0.38281 0.01562 0.01953
0 0.69688 0.79688 0.01562 0.01953
0 0.83125 0.48438 0.01562 0.01953
0 0.89531 0.49023 0.01562 0.01953
0 0.96250 0.42773 0.01562 0.01953
0 0.76094 0.29883 0.01562 0.01953
0 0.66406 0.24805 0.01562 0.01953
0 0.64219 0.22461 0.01562 0.01953
0 0.64687 0.18750 0.01562 0.01953
0 0.03906 0.15430 0.01562 0.01953
0 0.99219 0.93555 0.01562 0.01953
0 0.97500 0.94922 0.01562 0.01953
0 0.87500 0.98633 0.01562 0.01953
