0 0.10469 0.05273 0.01562 0.01953
0 0.11875 0.04102 0.01562 0.01953
0 0.12187 0.02344 0.01562 0.01953
0 0.14531 0.02734 0.01562 0.01953
0 0.15937 0.01367 0.01562 0.01953
0 0.28125 0.01953 0.01562 0.01953
0 0.20625 0.08203 0.01562 0.01953
0 0.13750 0.13867 0.01562 0.01953
0 0.09688 0.14258 0.01562 0.01953
0 0.56719 0.50000 0.01562 0.01953
0 0.56563 0.53711 0.01562 0.01953
0 0.52812 0.85938 0.01562 0.01953
0 0.49062 0.85156 0.01562 0.01953
0 0.46563 0.87109 0.01562 0.01953
0 0.66250 0.45508 0.01562 0.01953
0 0.75781 0.46289 0.01562 0.01953
0 0.86094 0.52734 0.01562 0.01953
0 0.90156 0.71289 0.01562 0.01953
0 0.91875 0.89648 0.01562 0.01953
0 0.93594 0.39453 0.01562 0.01953
0 0.73125 0.38281 0.01562 0.01953
0 0.65781 0.11328 0.01562 0.01953
0 0.67969 0.65039 0.01562 0.01953
0 0.02187 0.13477 0.01562 0.01953
