0 0.00625 0.37305 0.01562 0.01953
0 0.05156 0.33984 0.01562 0.01953
0 0.06563 0.28711 0.01562 0.01953
0 0.08750 0.17383 0.01562 0.01953
0 0.09062 0.14844 0.01562 0.01953
0 0.09531 0.10742 0.01562 0.01953
0 0.03750 0.45898 0.01562 0.01953
0 0.00937 0.55664 0.01562 0.01953
0 0.19687 0.36523 0.01562 0.01953
0 0.52500 0.53711 0.01562 0.01953
0 0.52969 0.46680 0.01562 0.01953
0 0.62813 0.54102 0.01562 0.01953
0 0.65312 0.85742 0.01562 0.01953
0 0.60156 0.90039 0.01562 0.01953
0 0.62344 0.92578 0.01562 0.01953
0 0.87656 0.41602 0.01562 0.01953
0 0.94063 0.40234 0.01562 0.01953
0 0.69063 0.38477 0.01562 0.01953
0 0.87500 0.32422 0.01562 0.01953
0 0.76875 0.29492 0.01562 0.01953
0 0.75781 0.13281 0.01562 0.01953
