0 0.03281 0.21484 0.01562 0.01953
0 0.02969 0.25781 0.01562 0.01953
0 0.03438 0.28516 0.01562 0.01953
0 0.03438 0.39453 0.01562 0.01953
0 0.02813 0.45508 0.01562 0.01953
0 0.02813 0.57617 0.01562 0.01953
0 0.01250 0.67383 0.01562 0.01953
0 0.20000 0.34961 0.01562 0.01953
0 0.49688 0.33594 0.01562 0.01953
0 0.55000 0.16016 0.01562 0.01953
0 0.68750 0.08008 0.01562 0.01953
0 0.72344 0.23438 0.01562 0.01953
0 0.84844 0.29688 0.01562 0.01953
0 0.84844 0.34570 0.01562 0.01953
0 0.90781 0.31445 0.01562 0.01953
0 0.95000 0.24609 0.01562 0.01953
0 0.64531 0.39258 0.01562 0.01953
0 0.38281 0.86133 0.01562 0.01953
0 0.63594 0.86914 0.01562 0.01953
0 0.64687 0.90234 0.01562 0.01953
0 0.67969 0.85742 0.01562 0.01953
0 0.73594 0.95898 0.01562 0.01953
0 0.84062 0.96484 0.01562 0.01953
0 0.05312 0.12500 0.01562 0.01953
