0 0.04219 0.46875 0.01562 0.01953
0 0.03281 0.63477 0.01562 0.01953
0 0.00937 0.70508 0.01562 0.01953
0 0.03906 0.82227 0.01562 0.01953
0 0.05937 0.92578 0.01562 0.01953
0 0.05156 0.98438 0.01562 0.01953
0 0.70000 0.79883 0.01562 0.01953
0 0.72813 0.78125 0.01562 0.01953
0 0.73750 0.80859 0.01562 0.01953
0 0.46719 0.51758 0.01562 0.01953
0 0.28281 0.55273 0.01562 0.01953
0 0.80469 0.26953 0.01562 0.01953
0 0.77187 0.21484 0.01562 0.01953
0 0.80937 0.13281 0.01562 0.01953
0 0.75625 0.10938 0.01562 0.01953
0 0.71094 0.16406 0.01562 0.01953
0 0.65000 0.08789 0.01562 0.01953
0 0.59219 0.13867 0.01562 0.01953
0 0.49531 0.21875 0.01562 0.01953
0 0.50781 0.01172 0.01562 0.01953
0 0.93437 0.00391 0.01562 0.01953
0 0.96094 0.02930 0.01562 0.01953
0 0.98906 0.03125 0.01562 0.01953
