0 0.02813 0.10938 0.01562 0.01953
0 0.02031 0.14844 0.01562 0.01953
0 0.02031 0.18359 0.01562 0.01953
0 0.01094 0.29688 0.01562 0.01953
0 0.00469 0.35156 0.01562 0.01953
0 0.13437 0.30469 0.01562 0.01953
0 0.47969 0.49609 0.01562 0.01953
0 0.62500 0.25977 0.01562 0.01953
0 0.71875 0.09375 0.01562 0.01953
0 0.74062 0.25781 0.01562 0.01953
0 0.72500 0.28711 0.01562 0.01953
0 0.74531 0.36328 0.01562 0.01953
0 0.83437 0.39453 0.01562 0.01953
0 0.85313 0.36523 0.01562 0.01953
0 0.85938 0.45312 0.01562 0.01953
0 0.93281 0.38672 0.01562 0.01953
0 0.58125 0.89648 0.01562 0.01953
0 0.55000 0.88477 0.01562 0.01953
0 0.57031 0.92578 0.01562 0.01953
0 0.94531 0.88086 0.01562 0.01953
0 0.22031 0.23242 0.01562 0.01953
