0 0.03594 0.09766 0.01562 0.01953
0 0.02500 0.13867 0.01562 0.01953
0 0.02187 0.16602 0.01562 0.01953
0 0.01250 0.28516 0.01562 0.01953
0 0.00781 0.34180 0.01562 0.01953
0 0.22500 0.05273 0.01562 0.01953
0 0.72813 0.07422 0.01562 0.01953
0 0.68437 0.18945 0.01562 0.01953
0 0.88594 0.36328 0.01562 0.01953
0 0.95000 0.38672 0.01562 0.01953
0 0.96562 0.45312 0.01562 0.01953
0 0.85469 0.45703 0.01562 0.01953
0 0.72500 0.41406 0.01562 0.01953
0 0.71250 0.39258 0.01562 0.01953
0 0.48750 0.48047 0.01562 0.01953
0 0.60156 0.77734 0.01562 0.01953
0 0.57344 0.86133 0.01562 0.01953
0 0.52344 0.85938 0.01562 0.01953
0 0.75000 0.88086 0.01562 0.01953
