0 0.22500 0.02734 0.01562 0.01953
0 0.03906 0.09180 0.01562 0.01953
0 0.02813 0.13477 0.01562 0.01953
0 0.02813 0.16602 0.01562 0.01953
0 0.01719 0.28320 0.01562 0.01953
0 0.00937 0.34375 0.01562 0.01953
0 0.64375 0.15234 0.01562 0.01953
0 0.73125 0.07422 0.01562 0.01953
0 0.89219 0.36914 0.01562 0.01953
0 0.95156 0.38477 0.01562 0.01953
0 0.94688 0.46680 0.01562 0.01953
0 0.85625 0.46094 0.01562 0.01953
0 0.72500 0.48633 0.01562 0.01953
0 0.70625 0.45508 0.01562 0.01953
0 0.60938 0.74609 0.01562 0.01953
0 0.55469 0.79102 0.01562 0.01953
0 0.57656 0.83398 0.01562 0.01953
0 0.72813 0.91406 0.01562 0.01953
0 0.48750 0.48242 0.01562 0.01953
