0 0.23594 0.01953 0.01562 0.01953
0 0.04063 0.09766 0.01562 0.01953
0 0.02813 0.13867 0.01562 0.01953
0 0.03281 0.16992 0.01562 0.01953
0 0.01406 0.28516 0.01562 0.01953
0 0.00625 0.34570 0.01562 0.01953
0 0.49219 0.48633 0.01562 0.01953
0 0.62187 0.12695 0.01562 0.01953
0 0.73125 0.07422 0.01562 0.01953
0 0.94844 0.38672 0.01562 0.01953
0 0.89687 0.37305 0.01562 0.01953
0 0.93594 0.47266 0.01562 0.01953
0 0.85781 0.46094 0.01562 0.01953
0 0.72188 0.53320 0.01562 0.01953
0 0.70000 0.49219 0.01562 0.01953
0 0.61719 0.73438 0.01562 0.01953
0 0.57344 0.76562 0.01562 0.01953
0 0.57500 0.81641 0.01562 0.01953
0 0.72188 0.91016 0.01562 0.01953
