0 0.30312 0.06836 0.01562 0.01953
0 0.57656 0.05273 0.01562 0.01953
0 0.72031 0.10156 0.01562 0.01953
0 0.90156 0.38477 0.01562 0.01953
0 0.95469 0.41016 0.01562 0.01953
0 0.92188 0.50000 0.01562 0.01953
0 0.85625 0.47266 0.01562 0.01953
0 0.73438 0.72852 0.01562 0.01953
0 0.71250 0.80273 0.01562 0.01953
0 0.69531 0.73047 0.01562 0.01953
0 0.62500 0.76953 0.01562 0.01953
0 0.55469 0.76562 0.01562 0.01953
0 0.42656 0.73047 0.01562 0.01953
0 0.49062 0.49805 0.01562 0.01953
0 0.03438 0.08984 0.01562 0.01953
0 0.02500 0.14258 0.01562 0.01953
0 0.02969 0.17773 0.01562 0.01953
0 0.01250 0.29688 0.01562 0.01953
0 0.00313 0.35156 0.01562 0.01953
0 0.01719 0.58984 0.01562 0.01953
