0 0.36250 0.38086 0.01562 0.01953
0 0.37344 0.35156 0.01562 0.01953
0 0.40937 0.39258 0.01562 0.01953
0 0.62187 0.24219 0.01562 0.01953
0 0.63750 0.21680 0.01562 0.01953
0 0.64844 0.19141 0.01562 0.01953
0 0.47344 0.00586 0.01562 0.01953
0 0.74687 0.32227 0.01562 0.01953
0 0.77187 0.48828 0.01562 0.01953
0 0.83281 0.49219 0.01562 0.01953
0 0.96562 0.43555 0.01562 0.01953
0 0.71094 0.80273 0.01562 0.01953
0 0.98750 0.94141 0.01562 0.01953
0 0.96719 0.95898 0.01562 0.01953
0 0.87187 0.98047 0.01562 0.01953
