0 0.17500 0.42578 0.01562 0.01953
0 0.28906 0.59570 0.01562 0.01953
0 0.23906 0.74414 0.01562 0.01953
0 0.16250 0.89453 0.01562 0.01953
0 0.13750 0.88281 0.01562 0.01953
0 0.47969 0.42969 0.01562 0.01953
0 0.70000 0.73242 0.01562 0.01953
0 0.69219 0.80078 0.01562 0.01953
0 0.93594 0.42578 0.01562 0.01953
0 0.82969 0.98633 0.01562 0.01953
0 0.68281 0.19531 0.01562 0.01953
0 0.26250 0.10938 0.01562 0.01953
0 0.90312 0.35547 0.01562 0.01953
0 0.30625 0.01172 0.01562 0.01953
0 0.75938 0.08594 0.01562 0.01953
