0 0.90625 0.35742 0.01562 0.01953
0 0.94219 0.43555 0.01562 0.01953
0 0.70312 0.72070 0.01562 0.01953
0 0.69219 0.79883 0.01562 0.01953
0 0.85156 0.96680 0.01562 0.01953
0 0.84844 0.99023 0.01562 0.01953
0 0.16562 0.89062 0.01562 0.01953
0 0.13437 0.87695 0.01562 0.01953
0 0.22500 0.75586 0.01562 0.01953
0 0.29063 0.59180 0.01562 0.01953
0 0.45469 0.41602 0.01562 0.01953
0 0.18125 0.42383 0.01562 0.01953
0 0.70469 0.25195 0.01562 0.01953
0 0.26094 0.10352 0.01562 0.01953
0 0.30781 0.00977 0.01562 0.01953
0 0.76094 0.08984 0.01562 0.01953
