0 0.76562 0.08398 0.01562 0.01953
0 0.73906 0.33984 0.01562 0.01953
0 0.91250 0.35156 0.01562 0.01953
0 0.30000 0.58398 0.01562 0.01953
0 0.44688 0.41016 0.01562 0.01953
0 0.95937 0.45703 0.01562 0.01953
0 0.70469 0.73828 0.01562 0.01953
0 0.69844 0.79688 0.01562 0.01953
0 0.88438 0.92578 0.01562 0.01953
0 0.89219 0.97656 0.01562 0.01953
0 0.42031 0.95898 0.01562 0.01953
0 0.17344 0.89258 0.01562 0.01953
0 0.14062 0.88086 0.01562 0.01953
0 0.19844 0.79297 0.01562 0.01953
0 0.16719 0.40039 0.01562 0.01953
0 0.26719 0.09766 0.01562 0.01953
0 0.31406 0.00977 0.01562 0.01953
