0 0.11875 0.38672 0.01562 0.01953
0 0.01719 0.00781 0.01562 0.01953
0 0.06094 0.65820 0.01562 0.01953
0 0.38594 0.79297 0.01562 0.01953
0 0.71875 0.76758 0.01562 0.01953
0 0.70625 0.73047 0.01562 0.01953
0 0.65938 0.48047 0.01562 0.01953
0 0.50938 0.47461 0.01562 0.01953
0 0.64219 0.40625 0.01562 0.01953
0 0.94063 0.13477 0.01562 0.01953
0 0.91250 0.10156 0.01562 0.01953
0 0.88438 0.08789 0.01562 0.01953
0 0.85469 0.06445 0.01562 0.01953
0 0.81719 0.01562 0.01562 0.01953
0 0.75000 0.03125 0.01562 0.01953
0 0.97188 0.00781 0.01562 0.01953
