0 0.38281 0.79297 0.01562 0.01953
0 0.51094 0.48828 0.01562 0.01953
0 0.64687 0.43164 0.01562 0.01953
0 0.71719 0.71094 0.01562 0.01953
0 0.72813 0.75586 0.01562 0.01953
0 0.11875 0.36523 0.01562 0.01953
0 0.05000 0.60156 0.01562 0.01953
0 0.01094 0.05273 0.01562 0.01953
0 0.75781 0.03516 0.01562 0.01953
0 0.82500 0.02734 0.01562 0.01953
0 0.87187 0.06641 0.01562 0.01953
0 0.89375 0.09570 0.01562 0.01953
0 0.91250 0.11719 0.01562 0.01953
0 0.93750 0.14648 0.01562 0.01953
0 0.92500 0.12891 0.01562 0.01953
0 0.65156 0.48438 0.01562 0.01953
