0 0.37344 0.74609 0.01562 0.01953
0 0.37344 0.71875 0.01562 0.01953
0 0.50469 0.52344 0.01562 0.01953
0 0.67344 0.48047 0.01562 0.01953
0 0.68125 0.50000 0.01562 0.01953
0 0.77031 0.65234 0.01562 0.01953
0 0.79688 0.70117 0.01562 0.01953
0 0.99375 0.22461 0.01562 0.01953
0 0.97969 0.18750 0.01562 0.01953
0 0.97188 0.16602 0.01562 0.01953
0 0.94219 0.12891 0.01562 0.01953
0 0.90938 0.07812 0.01562 0.01953
0 0.89062 0.01172 0.01562 0.01953
0 0.83750 0.05078 0.01562 0.01953
0 0.84219 0.00977 0.01562 0.01953
0 0.17344 0.27734 0.01562 0.01953
0 0.04531 0.37109 0.01562 0.01953
0 0.01094 0.43945 0.01562 0.01953
0 0.03281 0.99023 0.01562 0.01953
