0 0.02187 0.36328 0.01562 0.01953
0 0.06250 0.16992 0.01562 0.01953
0 0.20312 0.22070 0.01562 0.01953
0 0.48281 0.41406 0.01562 0.01953
0 0.36094 0.71680 0.01562 0.01953
0 0.37656 0.68945 0.01562 0.01953
0 0.68437 0.51758 0.01562 0.01953
0 0.83437 0.64844 0.01562 0.01953
0 0.84844 0.70117 0.01562 0.01953
0 0.98594 0.20312 0.01562 0.01953
0 0.95781 0.14453 0.01562 0.01953
0 0.94688 0.08203 0.01562 0.01953
0 0.90312 0.11719 0.01562 0.01953
0 0.90000 0.06445 0.01562 0.01953
0 0.87500 0.02930 0.01562 0.01953
0 0.85000 0.00586 0.01562 0.01953
0 0.99531 0.24805 0.01562 0.01953
