0 0.35156 0.71289 0.01562 0.01953
0 0.36875 0.69531 0.01562 0.01953
0 0.68437 0.53906 0.01562 0.01953
0 0.89062 0.62695 0.01562 0.01953
0 0.89844 0.68164 0.01562 0.01953
0 0.49219 0.32812 0.01562 0.01953
0 0.22500 0.18359 0.01562 0.01953
0 0.03125 0.34180 0.01562 0.01953
0 0.07812 0.04492 0.01562 0.01953
0 0.87187 0.02539 0.01562 0.01953
0 0.90156 0.05469 0.01562 0.01953
0 0.92188 0.09766 0.01562 0.01953
0 0.92188 0.15039 0.01562 0.01953
0 0.97344 0.12500 0.01562 0.01953
0 0.97656 0.18359 0.01562 0.01953
0 0.99531 0.24219 0.01562 0.01953
