0 0.33281 0.70117 0.01562 0.01953
0 0.35938 0.70312 0.01562 0.01953
0 0.67031 0.62109 0.01562 0.01953
0 0.68906 0.57227 0.01562 0.01953
0 0.96875 0.29102 0.01562 0.01953
0 0.98594 0.21680 0.01562 0.01953
0 0.97344 0.16797 0.01562 0.01953
0 0.94688 0.13672 0.01562 0.01953
0 0.27187 0.17969 0.01562 0.01953
0 0.18906 0.44727 0.01562 0.01953
0 0.16875 0.41602 0.01562 0.01953
0 0.01094 0.28320 0.01562 0.01953
0 0.14062 0.10742 0.01562 0.01953
0 0.18438 0.10547 0.01562 0.01953
0 0.24688 0.01172 0.01562 0.01953
0 0.17813 0.03320 0.01562 0.01953
0 0.15625 0.00391 0.01562 0.01953
0 0.47813 0.05469 0.01562 0.01953
