0 0.32344 0.72852 0.01562 0.01953
0 0.35313 0.70508 0.01562 0.01953
0 0.38906 0.71680 0.01562 0.01953
0 0.62500 0.84570 0.01562 0.01953
0 0.74375 0.79492 0.01562 0.01953
0 0.79375 0.81836 0.01562 0.01953
0 0.94375 0.75977 0.01562 0.01953
0 0.55625 0.59375 0.01562 0.01953
0 0.63438 0.53516 0.01562 0.01953
0 0.61875 0.51758 0.01562 0.01953
0 0.61094 0.48438 0.01562 0.01953
0 0.83750 0.58398 0.01562 0.01953
0 0.65156 0.31445 0.01562 0.01953
0 0.73438 0.09766 0.01562 0.01953
0 0.42812 0.01758 0.01562 0.01953
0 0.62187 0.00781 0.01562 0.01953
0 0.95156 0.06055 0.01562 0.01953
